229 -52 -67
230 -54 -67
229 -53 -67
228 -52 -67
230 -53 -68
230 -53 -67
230 -55 -65
230 -54 -65
230 -55 -66
230 -54 -67
233 -55 -66
232 -54 -66
232 -54 -67
232 -55 -67
231 -54 -68
230 -50 -66
232 -50 -66
231 -47 -67
231 -48 -66
229 -45 -70
230 -48 -69
231 -51 -65
233 -51 -64
233 -52 -69
236 -51 -71
242 -53 -72
236 -56 -70
226 -58 -66
222 -54 -64
221 -52 -61
222 -51 -63
232 -54 -68
232 -54 -70
231 -53 -76
228 -51 -72
226 -51 -68
226 -51 -66
229 -52 -65
228 -54 -63
220 -50 -63
210 -49 -68
216 -45 -70
228 -49 -71
255 -50 -90
268 -58 -72
253 -59 -74
231 -55 -53
219 -52 -48
217 -50 -55
221 -50 -77
235 -63 -97
237 -70 -82
232 -64 -73
222 -55 -66
223 -52 -53
219 -55 -51
221 -57 -58
237 -57 -68
248 -61 -75
236 -64 -81
223 -58 -76
220 -53 -71
222 -52 -69
224 -52 -63
230 -52 -63
235 -52 -67
235 -56 -71
228 -56 -69
226 -55 -71
225 -54 -69
222 -51 -68
229 -55 -68
231 -55 -69
228 -56 -69
230 -57 -68
223 -56 -66
224 -59 -67
227 -57 -66
230 -58 -67
229 -56 -72
231 -54 -73
228 -54 -69
225 -55 -69
224 -56 -70
228 -57 -69
232 -54 -65
230 -55 -69
229 -57 -70
230 -58 -68
230 -57 -70
228 -55 -68
229 -57 -68
231 -55 -68
230 -55 -71
229 -57 -70
229 -52 -73
230 -53 -70
232 -54 -68
231 -54 -67
230 -53 -68
228 -54 -67
226 -54 -68
226 -55 -67
228 -56 -68
229 -55 -69
227 -53 -67
232 -55 -68
233 -55 -67
233 -56 -69
231 -59 -69
226 -59 -68
226 -58 -66
223 -59 -65
222 -59 -69
223 -60 -67
226 -59 -65
224 -57 -61
224 -58 -66
230 -56 -68
235 -53 -71
240 -49 -70
236 -52 -58
219 -53 -68
214 -43 -63
236 -53 -69
235 -48 -69
234 -43 -63
236 -55 -62
234 -51 -67
233 -47 -66
234 -52 -66
231 -52 -66
230 -50 -63
229 -49 -60
234 -51 -58
236 -53 -60
236 -52 -60
237 -55 -59
235 -53 -58
230 -52 -61
237 -50 -55
239 -48 -55
241 -43 -59
241 -45 -54
239 -50 -58
235 -53 -56
240 -52 -58
245 -53 -56
240 -54 -63
240 -58 -61
237 -55 -54
238 -56 -52
234 -55 -54
234 -55 -57
236 -55 -59
239 -55 -53
236 -54 -59
235 -52 -55
234 -53 -54
231 -52 -52
229 -53 -58
232 -56 -59
226 -55 -61
229 -54 -58
234 -53 -54
235 -52 -52
237 -55 -49
235 -50 -48
239 -53 -44
235 -44 -47
239 -47 -37
240 -40 -42
249 -49 -38
244 -45 -46
247 -50 -40
244 -64 -27
240 -61 -41
238 -51 -20
247 -52 -31
242 -35 1
250 -40 19
262 -40 26
270 -6 41
255 -27 21
262 -32 6
279 -35 26
305 -16 34
310 -6 37
303 -17 39
300 -35 48
297 -3 60
293 9 68
300 4 67
316 8 83
318 6 93
318 2 95
318 6 92
314 13 94
308 13 93
307 8 94
313 2 98
315 -9 96
307 -28 90
314 -21 72
307 1 60
299 15 47
290 25 52
285 24 67
285 23 75
282 30 72
275 45 60
274 44 55
274 31 60
267 16 64
264 7 64
260 11 67
261 11 58
259 12 45
251 17 27
238 17 23
234 25 25
239 28 38
248 27 53
239 26 49
232 29 34
236 28 28
251 24 27
253 19 22
250 22 27
244 25 32
239 28 32
235 28 33
232 24 35
236 26 36
240 31 36
235 41 23
238 41 5
253 32 -10
265 27 -32
276 28 -9
281 27 20
281 24 1
267 16 -14
257 8 2
265 15 -7
270 28 -7
258 31 -20
235 19 -30
226 5 -17
219 4 -8
213 9 -10
196 8 -11
194 16 -15
203 18 -6
211 19 -5
222 30 -13
236 30 -16
262 23 -10
302 20 -21
346 8 -34
296 -35 35
248 -36 50
243 -16 37
266 -27 1
282 -13 -100
267 2 -12
266 3 47
267 21 48
258 59 -35
261 24 -43
259 -27 -8
258 -54 0
251 -38 -1
248 -4 -11
248 17 -9
252 13 -5
259 -5 0
269 -23 -18
264 -20 -8
255 -2 -19
248 4 -26
259 4 -29
259 -5 -23
260 -21 -5
254 -26 0
251 -18 -8
265 -9 -23
298 2 -52
313 3 -46
297 0 -43
293 11 -26
297 9 11
280 13 12
241 14 14
185 26 19
181 31 5
237 47 -4
284 59 -26
302 45 -37
291 6 -3
273 -22 9
256 -19 1
246 9 -14
250 19 -23
253 27 -24
247 23 -25
243 14 -19
245 15 -11
243 19 -11
256 26 -12
256 20 -35
258 8 -16
258 5 -17
252 15 -14
251 23 -14
262 25 -20
265 22 -26
277 14 -40
291 6 -38
283 -6 -7
281 -5 18
263 -3 22
255 -17 9
236 -14 9
225 5 0
221 15 -2
237 20 9
280 14 18
297 2 10
311 -21 3
310 -20 7
298 -2 0
281 -8 0
268 -8 -1
255 -9 0
250 0 2
258 4 5
272 9 11
300 16 7
313 19 5
296 13 0
268 9 5
250 9 2
240 7 3
241 1 9
238 0 16
244 3 10
253 11 19
252 25 11
256 29 3
261 28 0
267 29 -5
266 23 -13
280 9 -2
284 6 -7
284 2 -10
281 10 -16
272 11 -17
262 11 -16
250 7 -7
240 9 3
238 15 6
244 27 1
250 28 0
255 26 -4
255 15 -3
251 11 4
253 14 9
255 28 16
252 40 13
251 38 7
254 27 12
256 16 10
269 15 3
282 29 -6
268 19 4
259 9 25
258 10 6
268 3 -17
304 -27 -19
318 -36 -10
309 -44 6
285 -33 5
257 -30 -10
252 -27 -25
240 -28 -18
227 -12 -8
234 -16 20
238 -13 26
242 -4 17
267 -1 15
272 -22 13
258 -47 30
244 -34 37
240 -5 32
208 15 41
219 16 52
279 -11 67
325 -32 32
281 -4 36
266 4 45
290 0 53
305 -2 24
289 -8 -2
299 -17 10
297 4 1
295 18 -6
307 27 8
310 35 23
292 46 25
266 37 3
257 64 17
282 40 -2
263 23 10
239 21 25
215 23 29
211 27 33
245 33 39
271 21 39
296 33 21
252 20 40
252 28 47
248 52 41
242 52 52
242 55 51
232 52 53
228 53 55
233 54 56
252 52 60
237 63 52
223 49 44
218 33 45
234 13 58
236 31 57
237 44 47
238 30 67
239 40 72
241 60 54
250 43 48
236 33 60
226 21 64
232 27 46
234 25 45
224 12 64
221 9 70
243 11 81
245 21 86
249 27 76
247 28 68
245 21 66
260 2 74
276 -2 84
293 5 94
297 28 83
298 49 69
295 51 54
304 52 47
317 59 51
348 46 67
364 43 85
338 40 92
310 35 96
272 29 99
282 22 96
374 34 87
459 46 99
416 51 90
335 77 -16
307 107 -91
323 -47 -96
241 -45 14
227 59 -15
232 49 37
245 75 4
271 54 5
298 -2 5
279 1 0
250 8 -17
245 -9 0
249 1 1
235 3 -1
242 1 -10
265 2 -31
281 -1 -37
274 -8 -43
261 -15 -42
241 -11 -30
226 -4 -19
242 2 -34
249 2 -37
264 -15 -35
267 -25 -36
253 -17 -30
242 -15 -38
226 -14 -39
237 -30 -60
238 -43 -67
240 -54 -80
236 -50 -85
235 -39 -68
235 -26 -47
235 -16 -31
234 -23 -13
249 -39 -20
242 -40 -30
241 -42 -38
238 -25 -51
258 -22 -47
264 -33 -48
258 -30 -56
252 -36 -49
233 -37 -37
234 -38 -38
244 -39 -43
254 -42 -43
264 -34 -47
256 -24 -49
252 -23 -45
248 -29 -41
240 -14 -47
257 -20 -46
253 -30 -47
247 -34 -46
252 -28 -45
246 -22 -52
245 -22 -52
249 -28 -45
248 -31 -52
245 -35 -51
244 -39 -45
240 -38 -52
236 -39 -54
238 -41 -49
244 -41 -40
244 -32 -43
244 -20 -45
241 -18 -46
246 -14 -48
248 -11 -50
251 -24 -47
244 -25 -50
245 -31 -51
242 -35 -49
240 -36 -50
244 -41 -45
250 -41 -49
251 -47 -48
251 -47 -44
250 -42 -43
248 -43 -46
242 -41 -48
240 -39 -48
243 -39 -47
248 -38 -43
252 -49 -45
252 -56 -47
240 -50 -45
232 -48 -50
226 -51 -46
234 -48 -41
240 -49 -52
247 -55 -43
247 -49 -39
247 -40 -46
250 -38 -51
251 -45 -44
248 -53 -45
245 -51 -49
243 -53 -46
241 -56 -46
239 -56 -44
237 -57 -44
237 -54 -42
241 -46 -39
225 -30 -52
251 -37 -49
241 -41 -56
238 -46 -45
237 -43 -44
244 -46 -47
245 -49 -52
245 -44 -51
244 -41 -52
248 -39 -44
247 -46 -56
242 -48 -52
240 -45 -46
243 -43 -51
242 -46 -47
242 -50 -47
243 -50 -51
241 -49 -50
239 -51 -48
240 -44 -48
245 -40 -51
245 -34 -51
248 -35 -49
245 -36 -53
239 -44 -51
238 -49 -49
239 -47 -49
240 -48 -48
242 -49 -49
242 -49 -49
243 -48 -48
241 -39 -47
244 -38 -51
251 -38 -51
247 -45 -46
245 -43 -46
243 -37 -47
242 -34 -47
244 -33 -51
242 -38 -50
236 -45 -52
235 -43 -53
250 -47 -46
240 -40 -51
243 -42 -47
243 -43 -45
244 -40 -50
244 -38 -48
246 -35 -47
247 -39 -47
245 -40 -54
241 -40 -51
239 -40 -52
241 -43 -51
242 -40 -49
244 -38 -49
248 -40 -47
247 -40 -47
243 -33 -46
247 -38 -51
241 -39 -53
238 -40 -52
240 -41 -51
239 -41 -48
240 -43 -48
240 -42 -46
242 -41 -49
250 -38 -50
249 -41 -47
244 -38 -48
242 -39 -51
244 -40 -51
245 -42 -49
246 -42 -54
243 -44 -46
240 -39 -48
242 -39 -49
245 -44 -48
247 -45 -51
250 -44 -53
250 -44 -51
245 -45 -51
235 -45 -52
238 -42 -52
244 -41 -54
250 -42 -57
254 -43 -52
240 -50 -47
232 -46 -43
231 -37 -50
240 -33 -57
244 -38 -56
252 -41 -57
252 -44 -52
250 -45 -53
247 -36 -57
234 -31 -55
223 -42 -55
239 -42 -50
241 -15 -61
228 -22 -36
233 -82 -55
225 -63 -67
231 -6 -60
240 -21 -61
241 -49 -48
236 -45 -43
243 -31 -42
242 -129 -51
226 -17 -77
248 -153 -70
270 -8 -75
210 135 -70
219 -33 -25
261 -54 -73
220 30 -60
239 4 -5
252 22 -116
243 -18 -47
237 31 -68
245 1 -91
227 -4 -71
