 260 -27 -23
257 -22 -29
257 -18 -30
254 -16 -30
254 -12 -30
256 -14 -29
256 -15 -32
255 -11 -32
255 -16 -31
253 -12 -33
254 -12 -35
256 -8 -35
255 -8 -31
254 -15 -33
254 -11 -31
255 -14 -35
252 -11 -35
253 -12 -35
255 -10 -31
254 -15 -33
251 -16 -33
256 -15 -35
257 -10 -36
255 -3 -37
255 -6 -37
252 -8 -34
254 -5 -34
255 -6 -34
253 -8 -33
255 -6 -34
255 -5 -34
255 -3 -38
256 -4 -40
256 -7 -38
256 -5 -39
255 -5 -37
252 -4 -36
251 -4 -38
254 -4 -37
252 -3 -37
252 -4 -37
252 -2 -36
250 -4 -35
250 -3 -38
252 -2 -35
253 -12 -36
251 -8 -39
252 -8 -39
254 -11 -47
252 -11 -40
250 -14 -34
249 -20 -31
249 -21 -38
253 -17 -42
257 -14 -40
255 -18 -37
250 -16 -35
251 -15 -34
254 -11 -35
256 -11 -34
253 -13 -33
255 -13 -33
253 -17 -33
255 -19 -33
258 -28 -33
258 -25 -34
257 -36 -34
257 -32 -33
257 -28 -32
256 -28 -28
255 -26 -28
253 -24 -27
255 -27 -25
258 -26 -29
254 -31 -30
255 -35 -31
254 -36 -31
254 -34 -32
247 -26 -28
251 -35 -32
253 -38 -30
254 -38 -34
255 -30 -34
254 -32 -35
252 -35 -36
252 -36 -36
250 -38 -33
248 -37 -27
248 -38 -30
248 -40 -33
252 -37 -33
257 -29 -33
257 -25 -33
257 -21 -31
258 -20 -33
254 -23 -25
250 -30 -22
252 -27 -26
258 -28 -27
254 -26 -27
253 -25 -22
255 -27 -21
256 -22 -28
253 -17 -25
253 -22 -22
254 -21 -23
257 -19 -23
258 -23 -28
257 -22 -22
260 -21 -22
261 -15 -21
261 -4 -21
262 2 -23
258 4 -20
258 1 -14
257 -2 -17
264 -8 -20
261 -3 -18
265 -5 -21
263 -2 -19
258 -6 -16
257 -14 -19
255 -16 -17
258 -14 -17
257 -9 -19
256 -16 -19
258 -20 -21
260 -20 -21
261 -10 -22
259 -5 -20
257 -12 -20
258 -17 -19
256 -20 -18
257 -22 -17
258 -20 -19
258 -19 -20
256 -22 -21
258 -28 -22
258 -29 -21
253 -24 -20
256 -21 -20
257 -20 -18
255 -25 -20
255 -30 -20
255 -28 -20
254 -30 -18
255 -35 -23
254 -38 -24
256 -36 -24
255 -37 -24
254 -36 -26
254 -36 -29
258 -36 -26
259 -31 -29
262 -32 -32
264 -35 -33
261 -37 -29
263 -42 -21
258 -42 -13
251 -49 -20
252 -38 -27
260 -19 -33
263 -18 -28
258 -27 -18
254 -32 -2
253 -42 -2
254 -50 -14
244 -48 -16
243 -25 -22
252 1 -19
258 4 -21
258 -13 -23
259 -20 -25
258 -14 -24
257 -2 -14
258 -10 -18
261 -9 -23
260 -17 -22
261 -19 -20
257 -15 -18
256 -5 -20
255 -1 -21
251 0 -25
251 2 -23
252 3 -19
257 0 -18
266 -4 -19
265 -3 -18
265 6 -24
263 16 -27
257 18 -21
252 11 -19
253 11 -16
254 13 -13
262 11 -17
266 14 -18
268 19 -13
267 20 -16
266 16 -10
265 11 -11
265 12 -6
267 16 -11
270 20 -12
274 24 -9
273 27 -8
270 16 -7
264 11 -4
266 18 -5
270 25 -1
273 26 -3
268 18 0
264 8 -4
261 7 -7
258 9 -5
260 2 -19
270 4 -20
273 -2 -5
269 -3 -2
272 -13 1
268 -28 4
258 -36 -10
251 -30 -21
235 -34 -21
264 -22 1
269 -53 19
266 -84 3
277 -95 0
282 -81 -23
240 -15 -32
270 -46 -7
256 -64 6
224 -54 -5
219 -52 -10
231 -54 -13
252 -47 -19
265 -68 -18
251 -58 -24
244 -41 -27
240 -31 -26
248 -28 -32
241 -11 -38
245 -19 -36
240 -21 -37
247 -21 -34
256 -19 -38
257 -26 -43
246 -40 -34
249 -61 -27
250 -49 -30
248 -29 -31
254 -21 -33
252 -24 -35
252 -23 -50
255 -1 -61
257 26 -62
275 34 -53
278 30 -34
296 26 -30
298 4 -17
286 -20 6
272 -14 2
258 -10 -1
251 -5 -5
255 5 -1
260 16 23
264 2 32
258 -5 7
257 5 -13
258 21 -11
252 40 -21
242 38 -5
254 30 -1
249 33 1
245 28 -9
244 32 -10
250 40 -12
255 35 -20
262 35 -24
261 35 -22
261 28 -22
266 17 -20
266 14 -26
268 12 -36
268 21 -35
259 28 -41
254 19 -32
253 15 -33
255 10 -33
273 16 -48
299 26 -42
307 7 1
267 -15 68
239 -36 48
236 -60 37
254 -46 -9
287 -1 -44
306 -12 -20
293 6 -9
279 3 -2
238 0 14
225 5 1
247 21 -11
246 36 -11
236 30 -5
254 16 10
246 1 17
257 -16 -7
281 -15 -34
277 -3 -39
263 11 -60
248 39 -31
237 41 -6
269 35 13
251 11 15
256 -20 17
255 -36 -9
242 -25 -28
255 23 -57
279 45 -54
303 30 -35
302 19 -12
300 23 -3
280 26 5
264 11 22
236 16 25
251 17 15
261 24 15
260 30 31
291 26 31
286 44 3
259 37 3
256 37 8
254 31 14
247 20 21
251 19 11
252 20 4
253 12 1
250 20 8
253 26 7
249 22 2
251 27 -2
258 25 -13
265 15 -9
265 17 -19
267 24 -17
269 31 -12
272 34 -12
266 32 -12
270 33 -24
280 31 -34
279 22 -36
297 35 -40
291 51 -21
279 45 2
275 31 8
265 11 7
248 -6 12
227 -9 27
222 -9 34
249 -14 33
302 -12 10
291 -16 10
286 2 0
277 21 2
265 13 12
253 -2 8
244 -14 8
249 -21 10
252 -17 11
247 -14 8
249 -15 10
255 -19 7
253 -21 6
251 -23 2
248 -17 2
248 -14 -2
245 -12 -7
245 -17 -5
238 -26 0
234 -39 0
228 -45 1
224 -51 -1
230 -63 -9
236 -50 -9
239 -34 -2
234 -26 2
233 -31 -27
245 -43 -38
247 -44 -20
232 -40 -2
215 -42 -6
207 -38 -20
204 -36 -26
208 -45 -20
237 -52 -20
260 -53 -2
269 -46 28
264 -23 58
278 -21 27
321 -17 -34
370 -48 -53
382 -57 -19
340 -68 8
308 -43 -3
313 -36 -18
316 -2 -28
309 -2 -21
299 -14 -5
282 -18 0
256 -22 9
235 -29 13
219 -36 14
205 -26 10
187 -12 19
167 -5 23
155 -6 11
157 -12 2
184 -14 0
207 -8 -8
224 -26 6
226 -31 0
208 -31 -1
205 -24 -4
231 -1 -13
283 -9 -28
328 -16 10
316 -22 61
330 -56 45
339 -68 13
395 -106 6
405 -107 -25
400 -134 -1
351 -58 11
321 -35 11
298 -46 -1
279 -55 2
258 -61 1
223 -43 16
200 -21 22
178 -3 18
163 -5 15
157 -14 11
171 -21 6
185 -18 -1
196 -30 0
191 -16 18
191 -33 29
187 -33 2
181 -16 -12
178 -23 -6
209 -35 -17
302 -44 -6
329 -28 40
313 -10 69
379 -6 -37
457 -73 -86
465 -40 -29
394 -37 -20
351 -36 -29
344 -33 -33
321 -33 -5
293 -31 -13
265 -32 -16
236 -25 -2
214 -19 1
207 -7 3
203 11 -4
201 2 -4
203 -15 1
204 -4 -12
202 -6 -21
205 -6 -18
199 -15 -15
191 -21 -1
199 -16 1
219 -2 -11
229 -12 -21
236 -5 -23
260 7 -47
259 23 -48
259 16 -37
273 20 -15
268 7 15
311 -31 45
336 -52 50
349 -99 26
404 -169 -13
418 -71 -46
376 -102 -53
346 -90 -21
314 -94 -7
280 -102 11
244 -100 16
223 -88 -8
213 -93 -1
205 -70 9
190 -45 1
189 -32 2
190 -35 -3
208 -38 -17
226 -37 3
244 -35 26
245 -27 16
231 -28 -24
225 -20 -21
219 -38 -2
222 -50 -7
230 -54 -21
241 -53 -13
221 -26 -2
214 -29 -9
227 -36 -3
235 -41 3
242 -37 -25
240 -48 -20
238 -41 -7
223 -37 -3
218 -38 -4
227 -42 4
253 -84 5
315 -81 -16
331 -39 16
301 -31 -48
352 -47 -74
400 -52 -17
358 -1 -38
363 -76 -54
345 -101 -44
313 -58 10
297 -64 -9
273 -60 -29
244 -25 7
226 0 5
213 -10 9
220 -9 12
215 -5 12
216 8 10
219 20 10
235 21 9
243 5 5
232 -18 1
230 -26 2
226 -32 3
238 -40 -10
270 -44 -25
276 -41 -35
274 -35 -16
271 10 -25
267 21 -32
242 14 -10
214 6 7
193 3 0
184 -1 -1
192 2 24
212 15 18
215 23 -9
217 11 -9
224 10 19
228 9 13
241 -22 -9
260 -37 -18
275 -20 -1
289 -19 -18
332 -22 -53
368 -35 -43
384 -10 61
422 10 41
395 -28 42
356 -155 -15
311 -54 -17
319 -42 -69
326 -89 39
318 -59 11
293 -59 7
242 -60 -1
220 -51 6
201 -50 27
189 -6 24
187 17 26
197 6 14
219 -31 -3
238 -51 -4
253 -43 -1
271 -50 -18
273 -40 -27
265 -43 -19
258 -45 -11
248 -34 -7
246 -31 -19
251 -40 -16
256 -43 -21
257 -57 -24
246 -55 -27
243 -45 -26
240 -40 -30
248 -42 -36
255 -43 -41
284 -42 -49
325 -47 -31
297 -17 29
278 11 -23
334 45 -38
322 63 2
290 59 11
269 42 9
265 33 27
258 56 29
265 89 4
294 44 -20
296 -21 -37
266 -50 12
219 2 27
209 14 10
206 43 2
203 55 -10
213 28 -8
233 1 -9
244 -5 -1
248 12 -12
252 15 -29
258 11 -31
262 5 -33
263 3 -27
260 3 -25
269 0 -29
281 -16 -23
280 -29 -35
281 -39 -38
290 -41 -26
331 -45 -17
345 -13 6
273 5 75
230 4 70
223 5 5
255 -11 -24
288 -35 -3
312 -7 18
307 -12 40
290 -11 7
254 7 -11
226 -16 -11
218 -16 1
221 -7 28
227 -4 37
229 -5 30
241 -23 20
254 -62 -11
261 -70 -15
260 -23 -9
260 -29 -7
251 -23 -14
258 -37 -3
264 -38 -4
264 -39 6
264 -45 6
262 -46 2
261 -47 -4
279 -53 -13
321 -59 -14
321 -41 11
285 24 -18
284 38 -25
263 31 0
248 25 28
261 27 43
270 54 24
273 74 7
266 64 -3
265 -4 0
258 -37 8
245 7 17
239 42 11
244 47 17
247 43 13
258 19 3
266 -11 -13
266 -22 -16
252 -2 0
254 0 -2
264 8 -5
265 10 -15
259 6 -5
266 8 -2
275 10 -8
290 1 -9
326 -9 -13
296 -24 47
262 -14 61
253 -1 56
236 11 28
263 14 -3
284 3 21
290 -19 44
296 -15 54
280 32 23
258 28 3
248 1 -5
240 -30 14
242 -27 44
245 -5 45
247 -5 44
257 -20 26
269 -28 4
256 -30 6
250 -17 4
251 -8 7
254 -17 9
266 -51 1
270 -52 -1
268 -33 1
263 -26 -2
258 -33 6
267 -53 0
279 -66 -19
308 -61 -16
311 -28 15
281 11 9
262 32 4
250 46 7
260 55 2
308 68 22
304 99 17
275 71 24
269 7 6
266 -14 -1
258 -17 20
234 21 8
231 39 5
235 37 20
245 30 29
254 13 7
262 -3 -9
263 -13 -5
266 -2 -11
270 0 -18
266 -16 -25
262 -24 -34
258 -25 -31
256 -19 -8
266 -8 -2
264 -10 -14
278 -17 -29
298 4 -36
280 6 2
257 1 46
247 3 46
268 -17 7
284 -87 -18
256 -46 42
261 -13 32
267 -16 18
264 1 14
264 2 -9
260 -20 -5
259 -48 1
261 -37 16
254 -13 36
245 6 37
240 5 29
248 2 6
254 10 11
252 23 16
243 13 16
239 -3 15
226 -3 24
206 -2 24
200 -6 18
212 -2 15
217 -7 18
216 -15 21
225 -11 12
235 -13 10
251 -14 13
250 -10 17
235 -15 12
223 -14 7
213 -17 20
203 -19 30
215 -23 19
246 -28 12
280 -33 7
356 -12 21
348 -20 62
398 -24 11
447 -27 4
388 -38 43
355 47 -78
398 21 -53
406 -41 27
323 -52 42
289 -8 22
285 3 20
248 24 18
224 29 12
208 30 10
208 25 12
220 22 19
220 28 19
204 30 24
194 26 22
195 21 27
193 17 20
197 17 19
218 20 8
234 29 5
225 16 6
228 -20 16
217 -11 5
216 2 -1
229 11 5
264 17 2
282 -17 7
251 0 -3
245 16 -9
250 20 8
265 11 20
267 4 12
273 7 -7
315 27 -4
319 49 2
280 63 -21
257 46 17
308 42 21
407 68 35
357 57 76
347 -34 32
385 -214 -85
381 -140 53
355 -13 11
323 34 33
304 9 7
283 2 24
266 3 30
237 -12 25
215 -8 28
199 2 26
192 4 30
185 12 30
190 15 35
202 16 40
204 28 37
198 43 34
211 43 24
225 32 12
215 7 6
231 -53 -18
253 -81 8
256 -17 19
246 5 12
247 -23 6
220 -4 -6
220 -13 -1
215 -18 5
207 -21 5
217 -24 0
258 -17 4
319 -6 35
337 -27 50
321 -43 -4
354 4 -39
420 -6 1
438 17 54
358 71 2
341 79 -61
350 52 -8
327 5 41
304 -1 38
271 3 25
271 7 26
261 -1 9
253 -6 2
249 3 3
247 8 15
238 13 26
225 15 24
221 16 18
225 11 26
219 14 23
208 10 13
202 3 17
191 5 25
178 9 26
185 8 28
209 9 25
238 25 27
231 73 21
257 67 3
262 30 -13
268 -31 -29
261 -69 -2
235 -22 10
235 -11 -2
262 4 0
283 25 21
324 41 44
327 38 3
316 -3 -18
343 -43 -30
390 -66 -28
377 -58 40
338 -10 39
331 4 10
362 21 -15
347 16 -26
318 3 -17
286 -15 10
259 -6 24
241 2 46
219 11 33
218 -3 27
210 -14 17
203 -33 27
206 8 24
208 39 23
216 36 32
220 27 41
218 20 32
232 2 20
259 -1 -6
263 -14 0
256 -24 10
251 -28 8
251 -20 14
258 -20 17
260 -23 7
259 -13 -7
265 -17 -10
261 -6 4
246 4 7
233 7 8
234 0 3
241 -16 -1
255 -24 -7
261 -20 -7
267 -6 1
288 5 13
309 30 21
301 58 -3
324 32 -21
387 1 -22
392 -1 9
334 49 -17
318 29 -36
316 -1 -1
303 1 14
266 -5 25
244 10 16
231 31 15
218 57 18
205 66 16
209 58 17
217 47 13
216 43 4
214 30 12
213 7 22
215 2 6
225 -5 2
251 -7 -2
283 13 -12
298 32 -23
280 39 -12
259 28 5
252 28 13
253 24 46
250 37 47
243 48 28
229 49 5
234 29 4
253 24 13
261 15 15
259 -6 8
253 -8 5
248 9 6
250 13 9
268 30 0
297 35 0
315 21 35
315 14 59
304 31 47
297 34 38
335 26 26
353 29 34
381 10 55
359 -11 28
348 -106 -13
323 -85 1
306 -32 13
279 -19 39
262 -6 47
235 35 47
219 55 39
204 53 29
216 34 26
222 32 33
219 33 44
215 25 46
199 13 33
191 2 15
208 -7 4
222 -3 8
230 1 19
242 -3 17
247 -16 8
256 -25 5
270 -11 -2
282 -5 2
274 -15 8
261 -20 19
264 -4 11
270 14 0
274 15 3
267 16 22
260 21 39
247 26 20
241 19 10
307 36 19
307 57 50
308 53 48
307 35 11
298 23 12
331 2 40
370 6 36
364 28 42
339 65 -8
345 41 -7
337 0 26
322 -10 21
298 -10 14
270 -2 23
256 10 21
247 23 17
234 25 19
231 18 24
225 10 29
226 14 18
219 18 10
216 12 12
214 14 13
217 22 14
216 28 15
216 41 14
205 24 33
205 31 15
218 33 19
230 27 22
233 26 9
241 9 6
251 2 5
252 -5 8
245 -1 0
238 11 -14
235 7 -8
243 5 -16
237 2 -17
242 1 -19
277 14 -31
344 16 19
385 19 60
302 75 19
311 61 20
343 51 35
352 41 44
346 3 14
342 -34 2
343 -17 -3
345 -5 0
325 8 10
314 26 15
271 26 27
240 26 30
221 36 52
232 43 59
232 43 69
216 41 55
210 28 32
219 1 39
218 13 25
212 17 21
212 8 19
213 15 20
226 13 33
241 21 35
237 23 34
219 20 46
229 13 24
262 18 20
271 3 29
268 -10 31
260 -28 28
257 -31 24
252 -22 20
256 0 15
266 1 4
299 -6 19
351 -2 40
351 12 64
321 48 41
303 62 15
310 61 1
332 63 0
371 50 15
374 32 77
325 47 5
312 24 -36
299 -15 14
276 -5 38
259 3 32
236 3 25
208 13 27
204 11 28
219 64 19
195 92 27
203 58 31
207 41 38
200 48 32
203 51 26
210 52 19
208 51 10
215 30 21
219 46 4
230 54 -17
246 32 -5
258 18 5
261 31 1
252 40 -12
237 13 7
237 20 16
263 38 10
255 31 -10
251 22 -20
269 14 -20
317 42 -23
343 41 10
333 42 40
329 57 41
309 67 42
313 64 30
332 64 32
349 53 50
348 42 62
333 29 15
315 -14 -10
318 -61 -14
316 -34 9
284 15 13
255 17 39
237 26 51
219 38 44
204 36 49
195 30 49
200 31 45
202 43 51
205 48 28
209 36 13
220 4 24
234 -7 30
250 1 19
268 1 11
269 0 7
269 1 -1
277 -20 10
272 -7 24
268 1 31
256 5 29
240 8 27
234 24 22
236 30 22
237 22 25
239 12 22
255 6 18
301 -7 31
326 6 50
317 60 24
303 91 8
308 59 4
350 60 -4
392 64 32
346 70 41
307 87 -45
313 6 -6
301 9 32
282 33 47
249 52 21
228 50 24
213 60 28
201 69 28
200 55 40
209 43 49
220 60 32
212 75 24
209 71 35
222 62 31
229 61 11
232 46 12
236 22 21
248 22 12
254 30 5
256 32 6
259 44 8
267 63 7
270 74 13
269 66 24
258 60 22
248 39 10
259 9 21
241 23 22
232 17 19
249 7 19
268 30 3
300 56 11
328 66 29
320 95 37
300 76 46
305 33 43
335 34 45
370 38 59
361 41 74
335 7 38
330 -46 5
327 -64 -2
319 -69 6
298 -8 12
260 30 22
240 43 42
226 55 45
214 61 37
205 51 34
203 44 33
206 41 35
213 44 42
218 35 41
218 25 29
224 5 28
241 -2 20
265 11 15
288 3 19
268 2 16
267 -3 -7
258 -2 -13
272 -7 3
276 -7 17
266 0 28
246 15 26
233 18 29
219 20 28
214 23 16
221 24 15
237 31 8
263 24 19
312 21 39
345 56 44
335 114 23
329 108 -5
311 84 -17
299 70 -12
325 63 1
341 53 34
308 87 3
280 100 -8
271 62 26
267 59 47
252 77 36
247 84 24
237 65 28
239 47 32
235 59 24
233 73 15
234 66 16
238 60 18
245 60 14
252 59 19
257 54 18
252 50 15
253 35 20
254 38 18
254 43 7
252 40 3
241 41 9
234 48 7
235 51 11
237 47 19
235 51 18
234 50 15
235 50 20
235 45 15
235 42 7
235 38 1
240 32 -1
235 26 -4
237 18 -15
246 9 -28
281 9 -43
351 16 -16
408 8 47
364 67 22
332 123 17
343 108 30
368 83 43
371 59 83
304 14 79
266 36 3
258 28 -1
257 32 -15
250 14 -16
247 -10 -1
230 -1 1
231 0 26
231 14 48
240 36 44
261 40 31
265 35 45
260 23 49
258 2 41
272 -7 25
283 -12 20
278 9 -5
272 36 -24
266 4 2
263 7 7
260 13 16
255 14 25
250 13 31
254 12 30
268 4 33
283 4 27
300 9 6
309 12 5
312 31 0
290 55 -13
272 32 -10
280 9 15
283 27 36
254 40 37
245 27 44
247 40 36
252 51 37
259 44 38
262 42 35
267 8 15
276 -22 -22
281 9 -3
276 65 60
256 41 48
256 3 37
266 80 -1
258 39 1
273 53 14
257 40 60
268 26 45
250 16 72
244 69 -5
272 35 32
269 53 52
266 47 54
