239 112 61
249 112 62
241 118 65
242 110 66
250 105 63
251 116 64
255 124 64
252 127 62
254 112 54
253 106 51
252 107 53
249 113 45
244 107 42
249 104 41
249 106 45
250 105 48
243 107 42
243 107 41
247 103 43
245 105 43
245 100 46
245 99 46
246 103 38
249 95 33
252 91 29
253 98 32
257 101 31
253 93 37
257 74 45
284 63 52
298 62 68
267 56 98
252 54 103
251 80 77
251 108 65
265 123 56
268 101 74
271 76 92
270 62 101
268 45 100
259 33 92
259 48 72
257 69 68
256 92 60
266 92 56
271 64 62
268 44 66
268 35 66
261 41 68
263 49 70
260 63 61
258 76 56
256 68 62
262 53 68
260 49 70
259 50 75
259 63 68
256 66 73
257 71 69
264 67 68
269 63 67
266 61 65
261 62 63
261 63 58
265 57 54
265 49 57
256 56 60
257 58 62
259 58 63
259 54 62
261 55 64
264 60 68
260 62 75
259 59 77
259 55 70
259 51 70
264 46 71
272 48 69
269 56 68
265 59 66
265 57 66
266 55 66
266 57 70
261 61 81
262 67 79
257 68 75
257 63 75
261 57 78
266 48 88
264 48 89
260 58 85
260 69 73
260 60 74
259 54 73
262 50 74
260 50 74
267 54 72
268 61 71
266 67 72
265 67 75
262 61 79
261 59 83
265 62 82
263 70 77
256 69 78
254 65 78
257 59 81
261 60 81
264 67 77
259 71 73
258 71 70
261 66 67
262 62 69
256 61 72
261 67 69
259 74 73
257 71 70
261 68 68
260 66 76
258 75 77
256 82 73
257 77 67
256 67 76
261 67 79
260 73 81
257 76 72
255 74 72
257 69 80
253 67 84
251 74 78
255 78 74
255 79 72
256 74 69
257 64 71
263 61 73
264 70 76
259 80 72
257 77 69
258 66 73
263 65 79
257 69 91
255 70 95
257 68 94
258 72 91
253 75 90
254 69 89
255 66 89
261 66 88
255 68 89
257 69 85
263 65 72
259 54 81
258 48 84
257 54 81
255 64 82
257 72 84
258 69 87
258 61 89
261 54 92
257 63 95
259 80 90
259 79 83
258 65 83
251 59 84
262 50 90
266 50 87
262 59 76
259 71 63
255 71 64
255 69 69
264 63 77
269 64 76
266 75 69
259 87 65
259 90 65
262 82 73
266 71 83
258 67 80
266 72 67
269 85 63
262 91 71
260 81 80
265 73 81
283 64 76
297 63 74
259 68 81
232 65 65
235 35 65
250 4 84
267 10 106
294 37 81
286 49 63
273 8 44
276 3 43
269 24 49
282 54 56
279 61 75
261 67 68
238 91 53
255 95 44
268 74 68
253 47 93
247 32 88
220 51 77
226 90 58
238 121 59
224 125 66
221 100 63
221 63 61
160 26 81
132 19 91
136 25 71
153 35 58
185 42 61
226 37 82
268 27 103
260 25 105
219 70 54
184 126 22
159 89 34
152 49 56
157 19 78
157 23 86
144 10 92
142 8 64
148 25 73
137 156 66
182 253 -6
229 147 45
279 37 79
267 -5 107
282 6 68
376 125 6
318 320 22
440 129 39
360 70 71
307 71 62
289 206 -2
305 281 -16
224 -71 241
296 291 154
303 123 161
380 -60 177
184 493 80
153 276 125
391 120 -26
511 128 -76
511 94 511
52 315 511
166 115 158
45 -446 133
-111 5 511
194 290 138
328 79 67
284 34 54
258 85 62
250 131 55
409 141 17
300 376 -75
263 176 98
316 -78 142
200 -19 -59
224 20 22
252 72 -17
259 101 -53
264 94 -53
263 18 -41
228 6 -19
219 24 -22
231 45 -18
231 70 -22
240 74 -35
245 53 -22
238 38 -4
253 51 -10
271 78 -43
256 85 -30
237 74 -13
224 37 -3
243 56 -5
256 63 -17
250 72 10
260 76 28
264 125 -6
269 108 -7
269 81 -2
271 60 19
280 44 15
285 37 15
287 15 10
288 -10 7
284 -45 -15
268 -33 -33
272 -12 -22
255 8 -20
245 15 -17
252 20 -4
251 40 8
253 41 -1
255 22 -8
257 5 0
259 16 0
259 21 2
260 12 3
260 2 8
259 4 5
266 0 1
269 3 -8
271 -7 -11
263 13 3
262 9 8
267 12 4
267 15 1
256 19 -12
256 5 -16
255 -1 -7
260 -12 3
260 -4 3
260 13 -10
256 11 -4
252 18 -7
257 12 -21
268 9 -31
265 2 -17
258 -2 -3
259 0 -15
255 14 -19
255 32 -14
253 23 -10
247 19 -2
242 14 -13
258 -2 -34
244 -14 -36
249 9 -15
269 0 8
270 -27 -42
265 -8 -52
298 -8 -50
272 -25 -33
257 8 -31
246 18 -21
249 16 -14
265 15 -16
272 14 -12
267 9 -17
259 13 -20
250 18 -4
248 12 -15
254 5 -30
257 0 -34
260 4 -32
260 9 -29
257 20 -22
252 15 -21
260 16 -17
263 23 -17
261 31 -26
256 29 -18
255 25 -18
264 26 -23
268 16 -26
255 13 -31
250 18 -33
256 12 -28
254 2 -31
248 7 -37
250 4 -32
255 3 -29
256 1 -26
251 6 -28
252 8 -29
254 8 -27
261 14 -23
261 15 -24
259 18 -24
259 17 -31
262 21 -29
258 15 -27
257 14 -30
256 18 -23
260 17 -23
255 20 -19
254 18 -20
254 16 -23
261 14 -25
258 15 -22
263 15 -21
251 22 -23
257 18 -28
260 19 -26
259 18 -27
260 19 -25
259 20 -21
256 20 -20
254 19 -23
258 18 -21
257 20 -20
259 21 -22
262 16 -25
259 20 -23
259 23 -26
257 19 -19
257 17 -25
260 16 -27
259 19 -26
259 21 -23
257 23 -20
256 22 -25
259 18 -23
257 21 -20
259 25 -22
259 26 -24
258 20 -27
254 20 -32
254 17 -27
255 18 -26
257 24 -28
258 26 -27
258 26 -25
254 26 -27
255 21 -26
260 18 -26
258 24 -27
252 24 -25
254 23 -27
261 20 -27
257 22 -26
245 24 -27
259 16 -32
257 16 -26
257 21 -27
263 19 -27
258 21 -26
252 23 -25
254 20 -24
258 12 -23
259 12 -24
259 12 -26
254 12 -25
253 13 -28
255 12 -23
256 15 -23
258 15 -26
261 15 -28
260 13 -26
252 14 -25
253 13 -29
258 16 -28
258 13 -25
258 13 -26
256 14 -25
257 14 -26
255 18 -24
255 21 -27
260 16 -25
257 22 -32
254 18 -34
255 15 -27
255 16 -30
257 17 -31
258 14 -33
252 17 -31
255 18 -31
255 18 -32
258 21 -32
253 22 -29
254 20 -29
258 22 -32
253 21 -33
251 19 -34
253 15 -32
253 16 -35
252 14 -35
256 14 -36
257 15 -36
255 18 -34
253 18 -29
253 16 -33
252 15 -34
255 11 -34
256 12 -36
255 12 -29
251 22 -31
251 21 -28
254 17 -26
259 18 -32
256 17 -23
254 19 -25
255 11 -37
220 -26 -52
269 58 -19
265 1 -37
260 3 -28
253 3 -31
253 2 -24
258 2 -26
258 7 -23
258 2 -17
262 2 -19
262 1 -18
257 0 -23
260 -6 -15
265 -4 -9
266 -2 -4
267 1 -11
264 0 -3
264 0 -7
266 1 -6
265 0 -4
263 -1 -1
262 -6 -2
264 -4 -2
259 -2 -3
263 1 -9
266 0 -11
266 0 -4
264 -3 -5
264 -2 -12
263 -1 -14
260 -1 -9
259 -1 -7
264 -4 -13
265 -3 -12
260 -5 -14
254 -1 -10
257 -2 -12
263 -4 -13
258 -2 -14
257 -3 -9
263 -8 -7
261 -5 -10
259 -12 -8
253 -5 -10
259 -9 -11
266 -10 -11
263 -5 -7
264 -3 -12
261 -5 -13
261 -4 -9
262 -8 -15
257 -7 -9
259 -11 -12
261 -8 -17
259 -11 -19
255 -13 -17
255 -14 -20
259 -15 -21
257 -17 -21
258 -15 -20
257 -13 -21
258 -9 -20
259 -13 -20
257 -13 -21
256 -16 -22
255 -11 -19
256 -10 -22
258 -7 -19
257 -7 -19
258 -7 -19
258 -4 -17
256 -5 -20
255 -12 -23
258 -12 -22
257 -11 -21
257 -9 -22
257 -12 -21
256 -11 -19
257 -11 -20
259 -7 -19
261 -8 -21
255 -8 -16
257 -6 -16
263 -8 -17
265 -10 -19
259 -11 -20
257 -13 -20
259 -9 -21
259 -10 -19
259 -9 -19
258 -8 -20
258 -10 -17
257 -8 -16
259 -9 -17
260 -12 -17
261 -7 -17
260 -10 -17
260 -8 -17
257 -6 -16
259 -10 -18
260 -13 -15
259 -12 -14
258 -9 -18
258 -8 -19
257 -9 -20
258 -11 -19
259 -13 -18
262 -5 -18
260 -9 -20
258 -10 -21
257 -12 -20
255 -11 -19
256 -5 -17
259 -6 -21
257 -7 -19
258 -9 -20
258 -6 -19
259 -4 -18
257 -6 -18
256 -9 -19
258 -10 -18
265 -8 -20
259 -5 -19
256 -7 -15
259 -8 -21
258 -7 -20
254 -7 -18
258 -9 -17
256 -9 -22
254 -6 -22
255 -11 -19
259 -12 -23
258 -7 -20
239 -10 -33
273 -17 -2
259 -6 -25
269 -7 -24
247 16 23
265 4 -18
259 11 -21
261 10 -14
252 -45 -7
262 0 -16
264 0 -13
246 -17 -19
250 -12 -1
