261 14 3
267 12 -2
268 13 -10
264 12 -6
264 12 -6
263 15 -3
264 14 0
272 9 1
270 5 1
267 12 -9
265 15 -4
263 5 2
262 1 3
266 1 1
263 2 0
263 4 -2
263 5 1
263 3 3
266 3 -1
265 9 -2
264 14 -2
264 15 -2
263 14 1
264 12 1
264 17 4
264 19 1
265 15 -2
263 17 0
262 17 1
262 14 1
264 13 -1
264 17 0
262 20 2
261 20 0
264 15 0
262 17 2
260 15 1
259 16 2
260 17 1
260 24 1
261 29 0
263 33 0
263 28 3
266 23 2
263 21 1
260 19 0
264 12 2
267 10 3
267 13 3
266 18 3
267 18 1
263 20 3
264 16 2
264 14 1
262 15 3
261 14 5
263 13 -1
262 11 0
262 12 2
264 10 3
264 12 4
267 29 0
263 24 2
261 12 4
265 10 4
266 17 3
266 29 2
260 26 4
261 11 6
264 8 5
263 22 6
259 21 7
259 11 7
261 7 3
265 10 2
266 11 3
267 8 3
266 4 3
266 7 4
266 8 1
262 7 4
265 6 5
265 6 5
267 5 3
267 4 1
266 10 1
266 8 3
264 9 6
262 5 2
262 8 0
264 10 -1
262 11 4
264 6 1
263 8 0
264 9 1
260 11 3
262 12 2
263 6 1
261 9 2
261 14 3
263 18 1
265 14 1
265 7 2
265 10 1
264 11 1
262 12 4
264 6 5
263 6 4
265 7 2
264 12 4
262 17 6
263 20 3
263 23 4
263 20 10
265 13 14
268 19 9
266 23 9
261 25 11
265 28 7
268 31 8
266 32 14
264 27 15
262 25 8
266 24 7
268 25 7
261 26 8
259 23 13
269 17 19
279 24 11
271 40 6
267 48 4
267 47 17
264 67 12
265 79 16
261 75 25
262 61 20
258 50 20
254 43 22
255 43 15
259 41 13
262 45 15
265 47 12
265 50 11
263 50 10
263 46 13
264 47 14
262 47 9
262 42 8
267 33 11
267 31 11
261 34 10
264 31 10
268 29 8
265 33 13
261 36 10
264 37 10
266 34 9
265 30 8
264 28 8
257 34 6
257 30 8
261 36 9
260 43 12
259 36 12
263 36 8
264 32 11
268 27 20
268 17 22
263 23 7
267 22 1
265 29 7
262 40 7
262 45 6
263 39 5
261 32 9
265 32 8
267 39 2
263 41 0
263 34 3
262 33 5
258 29 10
264 32 4
266 31 0
262 30 4
262 32 7
264 39 3
260 33 4
264 29 6
267 29 8
264 39 5
258 40 5
258 41 6
266 46 2
259 56 4
259 58 8
263 52 6
259 52 5
262 51 1
261 48 1
259 45 6
261 49 6
255 54 3
258 53 1
261 47 2
261 45 8
262 47 4
260 45 0
265 39 1
260 42 2
262 50 3
265 55 -1
260 57 5
258 47 17
262 41 14
267 38 2
264 37 -1
261 36 10
262 41 7
259 42 10
259 41 8
261 42 5
259 42 3
257 40 12
260 37 13
267 33 3
264 30 -1
265 28 2
265 29 9
263 28 7
260 36 3
266 32 5
269 32 13
253 40 10
267 54 10
269 64 18
268 48 15
262 17 13
268 4 14
264 5 10
266 10 8
269 8 6
269 11 8
266 28 4
263 37 5
267 42 5
261 57 2
256 69 3
250 68 11
249 57 26
257 45 32
268 41 9
266 25 5
268 12 18
268 16 17
264 21 11
265 20 13
264 28 16
262 35 23
263 33 13
261 29 8
263 19 11
270 26 10
267 38 2
267 34 -1
266 34 6
263 46 10
266 45 9
274 26 3
273 16 9
266 12 13
263 15 4
260 15 3
258 15 5
258 10 1
260 2 1
271 4 -1
264 22 -4
263 25 -2
262 25 3
263 25 5
261 27 7
263 22 -2
267 19 -8
265 19 1
256 23 1
252 28 4
257 32 1
263 35 -2
262 28 -2
260 12 0
265 0 1
270 -9 3
261 1 10
262 13 0
268 13 -6
268 11 -1
268 14 5
267 17 5
265 17 1
263 13 -7
260 18 -11
262 12 -1
275 15 -3
275 10 -2
266 13 -6
256 19 -13
254 13 -7
263 7 1
270 4 3
264 4 -7
259 3 -13
261 3 -8
265 2 -7
268 1 -13
266 2 -15
258 1 -13
262 1 -6
262 1 -7
259 -4 -15
260 -3 -10
261 2 -11
259 2 -17
258 -9 -21
260 -11 -19
257 -2 -17
254 2 -19
259 2 -24
262 -5 -28
258 -12 -17
254 -11 -17
252 -5 -13
250 -4 -16
251 -13 -13
250 -11 -17
252 -12 -19
263 -20 -20
259 -5 -26
259 0 -25
258 -10 -22
258 -16 -21
252 -2 -18
257 -1 -16
255 -12 -19
257 -24 -23
257 -7 -19
259 -10 -18
256 -25 -18
252 -22 -13
255 -8 -21
261 -15 -18
262 -20 -11
253 -17 -12
254 0 -19
260 -22 -34
265 -31 -20
264 -19 -10
257 -18 -11
253 -24 -18
263 -21 -23
261 -2 -25
255 -3 -5
257 -15 -16
258 -4 -31
259 13 -36
254 28 -38
238 18 -32
255 -9 -22
262 -21 -16
242 -22 -8
224 -23 -6
211 -8 -4
234 -4 2
254 -7 -8
273 13 -19
300 3 -13
309 -18 20
280 -37 21
275 -74 -3
258 -60 7
252 -8 28
234 20 42
214 15 41
189 13 39
159 16 67
104 14 101
57 42 78
117 38 57
108 66 -27
72 78 -105
51 0 53
42 -96 106
30 -74 -90
106 -76 -171
48 75 151
255 -13 142
511 395 40
511 80 93
332 -51 109
255 -31 103
274 -1 117
430 39 107
504 3 154
511 114 226
367 -374 187
7 -70 179
356 4 225
341 -171 196
233 -145 183
352 -64 208
239 -24 222
119 11 78
315 -42 63
314 44 69
151 252 158
58 192 106
250 487 113
511 511 -61
511 306 -339
511 -380 9
409 -355 431
-512 -512 -14
0 211 -46
-7 388 -54
76 76 -18
186 49 86
248 -280 237
260 431 485
200 511 511
134 511 511
252 511 511
511 439 349
298 275 351
118 86 509
7 126 306
55 155 226
183 103 138
366 6 208
278 27 65
160 74 -21
73 245 -181
136 200 -248
265 83 -114
218 190 -85
178 175 -67
173 157 -42
141 160 -27
167 136 -59
202 127 -86
193 75 -120
178 84 -102
162 84 -127
177 131 -96
191 114 -117
194 81 -135
183 75 -105
187 82 -106
182 63 -111
171 40 -118
177 62 -110
189 67 -119
185 80 -123
179 81 -120
164 79 -118
173 73 -123
188 48 -116
169 73 -127
152 90 -128
161 76 -112
178 63 -106
185 83 -85
221 66 -117
189 110 -71
155 104 -83
225 114 -105
242 118 -103
234 117 -100
222 98 -90
212 110 -87
220 112 -91
220 94 -91
223 100 -96
220 119 -111
221 124 -108
230 120 -105
223 103 -91
194 67 -80
217 77 -87
259 107 -73
263 96 -75
261 59 -86
256 72 -72
261 74 -70
254 41 -78
257 31 -68
245 19 -53
223 15 -42
224 18 -37
234 31 -43
231 14 -48
205 3 -1
193 6 7
244 -10 -14
281 -16 -15
271 1 -2
239 -3 2
231 -21 -4
253 -15 8
284 -49 0
290 -41 9
263 -32 -2
239 -37 1
250 -41 19
273 -30 28
276 -28 36
268 -47 24
265 -55 20
264 -68 19
272 -66 9
293 -65 12
285 -68 16
259 -55 6
248 -49 17
258 -82 10
253 -61 43
252 -95 16
221 -76 28
195 -62 46
172 -71 66
185 -94 73
214 -139 66
208 -144 70
199 -97 -6
162 -90 -109
174 -57 -109
174 -17 -45
221 54 71
310 18 143
317 -27 231
281 -50 210
259 -15 188
262 61 140
313 28 55
511 -512 -512
375 -294 -23
259 5 89
209 71 103
259 -37 1
271 3 -78
275 -8 -66
261 -34 17
246 -30 10
258 -25 -36
271 -38 -10
267 -40 -4
237 -22 -20
258 -37 -16
258 -45 -12
258 -38 -13
258 -32 -19
253 -36 -24
251 -37 -22
257 -31 -21
256 -27 -18
267 -32 -7
250 -20 -18
253 -21 -17
258 -28 -7
257 -30 -3
250 -22 -25
256 -31 -19
267 -36 -3
261 -33 -6
254 -33 -9
251 -29 -18
253 -33 -4
259 -35 -5
259 -29 -15
263 -28 -18
262 -19 -16
258 -9 -15
262 -11 -18
267 -8 -33
265 -25 -26
257 -42 -16
246 -43 -7
231 -35 4
230 -39 5
242 -32 -2
269 -35 -14
281 -40 0
276 -36 -1
261 -36 -5
253 -33 -4
262 -27 -3
270 -23 2
256 -18 1
270 -24 3
262 -17 -3
267 -21 -1
270 -24 -3
258 -22 -4
260 -36 -1
256 -38 -5
263 -45 -10
255 -44 0
258 -50 2
261 -51 -3
259 -49 -2
251 -48 2
250 -43 -3
254 -44 -4
255 -46 -1
256 -39 -6
263 -41 -1
266 -42 0
265 -46 -1
256 -39 -8
255 -36 -3
259 -37 1
259 -38 -1
259 -35 -5
265 -37 -3
262 -39 -4
251 -37 -13
243 -41 -14
243 -48 -15
256 -49 -10
268 -45 -3
267 -37 -3
267 -32 2
257 -21 -4
251 -21 -8
251 -24 -18
260 -35 -14
266 -38 -14
260 -41 -17
251 -44 -13
259 -36 -5
261 -21 -6
250 -3 -30
249 -13 -27
256 -25 -4
265 -31 -4
269 -22 -25
258 -23 -31
243 -20 -21
252 -24 -16
258 -17 -21
265 -13 -33
256 -8 -34
252 -17 -28
255 -21 -21
252 -13 -25
249 -16 -30
240 -11 -38
268 -15 -23
280 1 9
260 8 -15
255 8 -36
262 4 -41
267 -8 -23
253 5 -31
242 16 -24
269 -1 -37
252 -22 -34
219 -5 -25
278 12 -13
259 -1 -17
247 9 -42
241 6 -37
264 54 -52
253 19 0
251 -12 -28
250 16 -29
267 12 -26
268 23 -26
250 10 -18
252 14 -41
