253 78 -8
251 76 -10
254 71 -9
251 72 -9
251 75 -10
250 76 -11
253 75 -10
253 71 -14
255 68 -16
253 71 -13
251 78 -13
251 77 -14
250 71 -14
253 68 -11
251 72 -12
253 76 -12
252 79 -15
252 74 -14
251 69 -11
248 72 -13
251 72 -11
252 73 -14
251 75 -13
251 75 -12
249 74 -12
251 68 -13
253 67 -14
258 70 -9
256 74 -13
254 72 -10
252 73 -7
255 72 -3
255 77 -11
256 75 -10
253 76 -13
254 74 -16
255 71 -15
254 71 -16
251 72 -8
251 77 -5
251 89 -9
250 87 -7
249 92 -3
249 92 -1
240 99 0
237 99 1
235 107 10
237 109 10
239 114 11
243 109 10
238 102 3
247 92 1
252 92 0
253 96 -2
253 92 0
249 85 3
251 84 4
251 92 3
250 85 3
248 75 3
251 73 2
252 71 0
254 68 2
258 72 2
253 78 3
251 70 1
253 73 6
255 82 6
251 90 4
250 84 4
256 76 7
257 82 4
258 86 6
256 87 6
251 89 4
249 82 4
253 82 3
255 81 1
256 80 1
256 73 2
254 79 -1
256 86 -3
255 82 1
252 79 2
251 78 2
250 78 2
252 77 0
251 79 -2
254 78 1
247 77 3
253 76 3
258 74 4
256 77 -1
248 76 3
251 71 7
254 75 10
255 92 8
247 93 10
245 94 15
253 99 16
255 112 18
254 110 20
249 108 14
241 101 13
252 92 12
249 96 14
248 98 18
240 105 28
242 126 35
242 140 41
241 144 44
241 140 45
245 125 38
246 102 25
244 92 20
247 93 17
244 103 22
247 107 26
251 109 24
246 104 24
247 105 23
249 109 21
244 100 16
245 95 16
249 100 17
246 100 19
247 94 16
251 94 14
246 91 14
257 92 15
257 95 13
257 98 13
252 98 15
248 102 13
241 101 11
238 94 16
246 97 19
248 96 13
248 88 10
248 78 9
253 77 4
257 86 5
255 93 5
252 91 4
255 98 4
252 104 8
252 82 12
255 84 13
255 94 9
251 101 8
247 93 11
243 90 16
251 82 14
252 80 12
253 69 5
258 72 -1
253 98 1
248 107 5
244 111 17
251 118 19
241 124 20
232 108 23
234 100 24
264 85 29
247 120 0
252 92 4
268 92 14
247 103 11
242 109 1
241 115 -2
246 108 8
247 76 18
251 63 17
258 67 5
268 70 -15
265 76 -25
263 75 -16
259 65 -2
256 64 5
246 71 8
238 81 -1
232 63 -10
226 47 12
239 27 17
286 32 -24
293 66 -53
258 93 -92
228 43 108
211 79 78
228 239 -230
216 63 52
175 21 5
115 0 26
67 26 33
37 42 35
35 38 33
40 -8 73
50 2 64
59 30 9
149 56 22
244 160 -23
281 74 154
333 -40 -47
271 -92 -18
360 -26 -94
394 -53 21
269 -70 -1
178 -43 82
158 -11 -68
152 -43 66
195 -9 80
237 -124 -186
242 -192 -143
315 -135 22
318 -60 -20
330 67 -10
452 95 7
511 79 113
511 73 204
511 97 257
438 152 256
478 152 115
511 102 11
511 178 87
391 46 146
324 28 208
293 25 195
302 82 147
256 98 106
215 86 81
225 57 79
249 31 68
281 19 56
268 24 46
232 27 92
219 28 106
252 39 116
295 50 109
253 44 133
222 32 149
260 23 111
282 28 75
254 28 84
245 33 92
263 54 104
297 66 107
279 79 123
287 82 89
289 93 77
305 68 40
189 317 15
291 168 20
255 128 20
265 45 71
263 81 84
261 71 116
270 76 124
278 89 126
276 85 123
264 93 113
259 29 96
279 56 98
269 105 120
276 73 127
279 51 124
276 62 124
274 67 113
269 67 109
271 64 112
277 62 113
266 72 109
268 67 99
269 61 94
269 59 92
271 62 91
275 63 92
279 58 93
270 53 91
266 47 75
279 44 65
269 53 76
259 56 95
262 45 94
260 50 89
265 53 94
268 53 103
265 58 101
266 56 93
268 57 94
271 64 92
268 66 92
266 66 91
271 64 93
276 70 95
268 83 88
264 84 81
263 89 78
257 93 78
254 92 73
245 90 72
238 88 69
238 84 69
245 84 73
248 77 94
248 77 84
241 71 104
227 71 106
220 80 98
210 66 87
208 50 97
214 42 92
241 72 93
251 85 99
243 112 74
237 114 62
244 118 40
245 123 30
230 119 27
228 112 31
237 112 18
269 103 37
261 96 49
253 72 45
244 47 44
225 41 36
240 29 29
267 17 42
315 -26 55
329 3 33
308 46 43
274 63 46
272 70 49
282 71 51
299 72 60
288 76 78
273 75 74
301 48 67
331 21 73
332 24 78
326 35 68
327 57 63
337 75 64
337 81 63
332 89 74
311 100 89
289 93 92
273 78 84
267 75 68
266 78 56
254 72 60
216 67 68
195 68 66
202 61 73
226 32 120
236 29 135
244 41 132
235 52 123
228 54 112
234 39 107
219 24 117
217 17 119
219 31 103
228 39 92
233 44 95
228 49 93
217 42 91
214 36 83
231 29 94
235 42 119
250 49 118
256 46 105
263 55 93
275 65 82
296 69 70
306 101 50
304 126 2
300 111 -36
270 262 -242
291 4 10
277 26 28
267 77 34
274 95 52
270 91 81
256 79 97
224 65 108
200 58 114
194 65 100
195 63 97
189 59 105
193 56 109
212 56 107
219 75 96
242 66 94
267 38 106
266 43 85
266 50 64
276 56 52
280 60 59
280 48 54
267 28 62
251 22 73
230 28 73
218 31 67
232 32 76
251 40 88
267 49 86
291 53 82
305 62 87
312 69 98
317 79 98
326 95 104
323 93 107
323 81 107
324 78 102
319 91 93
314 82 85
300 62 87
285 51 88
279 44 85
269 44 91
271 43 83
270 48 86
270 39 95
270 32 97
267 32 92
261 34 79
275 32 66
297 23 63
288 5 49
276 -14 15
272 6 12
283 30 5
293 54 -8
284 129 -73
281 111 -6
269 57 36
252 54 36
236 38 40
234 25 36
243 20 15
257 11 15
267 8 19
275 35 2
276 58 1
266 61 13
261 56 24
256 45 28
257 44 16
252 50 12
251 53 17
248 58 15
244 53 31
258 55 27
270 53 16
278 44 22
271 46 28
265 56 30
261 74 34
249 83 46
247 68 54
275 60 49
286 74 30
265 85 36
255 73 38
258 66 51
262 43 52
256 30 56
251 14 70
241 4 54
280 26 58
307 45 66
296 70 46
303 80 17
305 63 14
275 61 35
245 53 49
236 47 51
265 45 57
255 48 56
267 47 55
275 40 51
281 33 43
254 53 40
267 -6 36
328 17 12
228 83 -6
223 37 35
308 29 -15
289 133 -63
260 208 -101
246 142 -32
290 73 30
273 152 -34
248 61 85
262 -6 141
229 -29 172
206 3 97
253 49 24
264 69 -7
281 55 -15
265 49 -29
235 82 -64
247 120 -76
298 88 -35
280 87 -14
262 132 -42
223 85 -23
217 31 14
247 35 23
255 39 26
310 60 -5
196 66 -5
258 63 -25
287 84 -11
250 83 -5
236 67 27
401 183 -47
117 221 -6
187 82 50
244 16 4
260 5 -40
299 96 -153
201 79 -138
237 111 -64
255 66 -16
245 48 18
245 35 19
227 57 -39
230 57 -67
251 63 -76
230 118 -74
241 50 -34
256 5 -38
251 15 -39
228 91 -40
237 50 -49
238 60 -49
235 61 -38
263 28 -13
235 66 -19
