52 -40 -22
254 -39 -23
253 -39 -22
252 -37 -21
253 -38 -20
254 -38 -21
254 -39 -21
255 -39 -21
255 -39 -21
254 -39 -22
255 -37 -23
254 -36 -20
255 -37 -20
256 -38 -22
257 -37 -22
257 -36 -23
255 -36 -23
255 -37 -21
254 -37 -23
255 -36 -23
255 -37 -21
255 -38 -20
253 -35 -19
255 -35 -22
254 -37 -24
257 -35 -23
255 -34 -19
256 -37 -25
257 -36 -24
258 -34 -26
258 -34 -23
259 -32 -21
258 -34 -23
254 -32 -17
240 -44 -19
246 -45 -23
254 -36 -26
254 -36 -23
254 -38 -24
253 -38 -21
254 -39 -20
255 -39 -20
256 -38 -24
256 -37 -26
254 -37 -25
251 -38 -22
252 -37 -21
250 -37 -21
251 -34 -20
253 -36 -23
255 -39 -21
255 -37 -21
255 -37 -19
253 -36 -21
237 -36 -24
271 -38 -22
260 -31 -22
256 -32 -18
254 -34 -14
252 -36 -20
256 -38 -23
261 -40 -17
258 -41 -16
255 -40 -13
252 -33 -20
255 -31 -17
257 -28 -19
256 -27 -17
256 -31 -16
253 -34 -18
253 -40 -11
257 -42 -12
255 -40 -15
255 -40 -11
257 -40 -5
259 -47 -5
260 -46 -9
258 -42 -10
258 -42 -7
257 -40 -4
258 -42 -1
259 -42 -6
260 -39 -7
263 -38 -5
263 -43 0
260 -42 0
264 -30 1
261 -44 -3
264 -38 4
256 -59 3
260 -50 4
263 -52 2
265 -57 -4
256 -31 11
250 -60 5
256 -18 14
252 -54 5
257 -49 18
254 -41 28
254 -42 2
255 -71 13
258 -48 16
260 -28 -1
257 -45 2
260 -70 13
259 -54 7
259 -43 8
256 -48 14
254 -53 13
256 -60 14
255 -60 12
255 -59 14
244 -39 12
262 -65 13
258 -59 11
259 -59 15
259 -61 10
257 -60 5
257 -57 10
255 -54 8
259 -53 15
262 -63 21
259 -57 12
261 -51 7
259 -48 15
262 -53 21
262 -47 16
267 -55 20
262 -50 20
252 -38 12
269 -53 20
267 -55 21
258 -55 16
258 -60 16
260 -53 18
266 -55 17
258 -54 17
257 -60 17
259 -48 19
266 -49 12
261 -50 14
261 -56 12
257 -55 10
257 -56 15
257 -52 13
258 -46 13
257 -41 10
263 -37 9
269 -36 14
261 -31 10
260 -43 11
257 -48 15
258 -50 10
264 -54 8
259 -56 12
258 -54 16
256 -54 14
255 -56 13
254 -61 13
255 -59 7
257 -55 10
256 -51 6
256 -50 8
254 -47 5
259 -40 7
256 -44 6
252 -32 11
265 -47 13
259 -47 6
260 -49 8
260 -48 8
262 -42 10
259 -46 13
260 -49 15
267 -41 13
266 -39 11
267 -45 12
270 -46 16
268 -51 17
262 -55 18
260 -62 21
263 -58 22
263 -54 21
261 -58 14
260 -62 17
264 -59 16
260 -52 17
259 -51 15
258 -48 10
256 -40 8
261 -43 4
258 -49 12
257 -54 18
258 -46 13
258 -42 16
257 -39 15
258 -43 15
257 -42 17
258 -44 17
259 -42 16
260 -39 17
260 -39 15
263 -43 13
262 -46 13
261 -45 14
257 -39 13
265 -40 14
265 -38 16
262 -39 12
262 -40 12
262 -35 8
262 -36 14
261 -35 15
263 -36 13
265 -36 11
265 -35 12
261 -36 8
258 -37 11
258 -39 14
259 -38 16
261 -39 14
263 -40 17
259 -34 13
256 -32 14
256 -35 14
260 -35 15
266 -34 17
263 -33 16
262 -27 10
263 -23 7
266 -24 8
267 -27 13
268 -27 15
266 -25 9
265 -26 11
264 -25 15
261 -30 17
263 -34 15
260 -31 17
262 -35 12
263 -30 14
254 -19 13
258 -24 20
261 -13 7
257 -30 21
278 -14 10
266 -30 12
265 -34 25
263 -22 22
267 -37 21
250 -38 11
227 -27 34
265 -30 30
274 -23 32
264 -21 25
285 -14 17
270 -17 26
267 -19 14
251 -32 27
272 -25 18
267 -2 22
267 -8 22
267 -13 27
264 -17 28
267 -25 26
266 -19 23
267 -2 25
262 2 28
266 2 27
267 -6 22
276 -5 27
259 -20 29
267 -5 16
270 -11 34
270 -11 38
268 2 26
265 0 29
258 -2 30
264 0 38
273 -9 38
276 -6 39
272 -3 36
271 -5 37
274 -7 35
270 -5 31
272 -20 36
277 -13 40
276 -11 39
273 -11 42
271 -3 39
269 -4 35
282 -16 43
265 -28 38
274 -29 40
273 -22 28
273 -22 30
270 -14 28
273 -21 27
272 -27 34
268 -32 37
271 -27 29
272 -19 26
270 -15 28
264 -9 31
261 -3 33
263 -2 34
265 -3 24
265 -1 21
263 0 30
255 -1 30
263 -4 22
269 -1 26
266 -4 31
263 -6 28
262 2 22
267 -6 12
263 -23 5
267 -33 36
275 -28 21
271 -22 4
264 -21 6
264 -22 26
267 -9 33
270 -3 21
268 0 11
275 -11 12
283 -1 14
281 10 -2
275 -11 -51
259 29 -12
262 2 -7
256 -69 8
249 -3 -6
253 -18 -36
236 5 -14
240 -37 1
237 -21 7
234 -25 -18
236 -18 -32
239 -18 -33
240 -12 -34
240 -3 -35
244 4 -37
251 2 -46
239 16 -31
235 5 -41
227 3 -46
238 5 -47
243 -14 -43
250 -4 -44
265 -7 -52
268 1 -59
271 -1 -58
287 -9 -52
273 10 -54
281 14 -57
315 27 -65
331 2 -60
339 -26 -36
305 -36 41
196 -193 -65
253 -216 -164
257 74 125
287 -23 0
237 -58 24
224 -13 18
231 -11 -1
245 -24 18
238 -20 1
234 -25 1
235 -28 -1
241 -43 -6
245 -40 -11
257 -25 -10
257 -14 -24
257 -32 -16
249 -30 -25
240 -23 -36
238 -21 -34
248 -23 -30
249 -30 -23
247 -37 -27
234 -45 -18
242 -38 -21
254 -37 -35
300 -34 -55
336 -37 -52
319 -14 -31
284 -18 29
267 -19 63
253 -14 55
296 -26 0
318 -38 -12
296 -19 -8
269 -23 10
258 -28 23
247 -32 14
194 -93 -110
244 -19 19
226 -39 33
232 -7 -1
234 -18 4
228 -25 9
235 -25 -8
237 -35 -15
238 -25 -35
231 -34 -53
228 -88 16
259 -56 -22
264 -62 -4
250 -11 6
235 -63 -41
247 -159 12
254 -16 12
255 12 -136
258 37 -87
305 -27 -42
301 -60 -18
290 -45 1
295 -41 14
264 -55 40
231 -64 34
260 -60 25
277 -63 22
264 -61 17
255 -27 -15
255 -16 -19
250 -15 -17
241 -16 -29
236 -43 -4
233 -53 14
233 -61 23
235 -54 5
249 -43 -16
251 -51 -17
249 -54 -15
238 -44 -15
258 -53 -21
246 -37 -37
257 -35 -37
261 -32 -33
253 -19 -42
261 -25 -35
270 -34 -26
279 -74 -40
322 -55 -45
330 -37 -33
284 -2 -14
258 0 25
193 -26 44
213 -15 10
251 10 -3
284 25 -13
307 39 -27
300 10 2
274 -19 0
266 -49 5
252 -32 -11
251 -1 -26
251 4 -18
254 7 -13
232 -17 -24
236 -18 -7
236 -33 -15
234 -34 -17
238 -24 -31
230 -24 -33
220 -22 -41
219 -34 -41
250 -29 -37
252 -24 -41
256 -6 -42
258 10 -28
265 -9 -43
347 -44 -83
383 -54 -68
327 -93 -67
266 -26 27
208 -38 46
206 -1 60
236 0 47
265 -40 19
285 -123 -35
237 22 10
220 32 -33
223 17 -15
245 -3 -4
242 -3 1
250 -33 -2
251 -56 -2
248 -44 -18
234 -21 -53
234 -32 -45
235 -35 -24
232 -21 -26
231 -15 -36
241 -21 -36
246 -32 -28
256 -33 -35
265 -32 -35
266 -38 -28
273 -43 -42
357 -39 -58
353 -13 -73
332 28 -40
289 13 17
239 4 26
217 1 29
256 -2 17
284 -1 -6
279 -14 -2
252 -7 2
237 -32 -7
234 -36 -10
228 -22 4
230 -9 18
240 -12 3
248 -9 -15
248 -16 -30
251 -26 -35
254 -26 -34
254 -24 -34
248 -29 -35
246 -34 -33
248 -37 -41
260 -31 -36
258 -30 -30
254 -27 -21
247 -23 -23
276 -21 -44
329 -21 -63
333 -28 -54
293 -47 -14
257 -35 29
212 -49 51
189 -44 40
216 -41 30
250 -57 -20
273 -133 -21
276 -86 -18
266 15 -3
249 -9 1
233 -37 1
231 -63 -14
232 -63 -17
240 -60 -4
241 -40 -13
244 -34 -33
241 -36 -23
241 -38 -25
240 -33 -31
240 -27 -35
255 -30 -33
261 -25 -23
260 -35 -16
260 -46 -16
282 -46 -40
320 -50 -52
344 -20 -45
331 0 -48
308 -6 -19
263 -18 9
207 -14 35
186 -21 41
216 -7 24
279 0 -8
297 -19 -50
280 -26 -2
262 -46 21
242 -39 -6
237 -26 -8
233 -10 -1
235 -7 -16
241 -10 -21
244 -14 -15
248 -10 -26
246 -9 -29
240 -20 -29
235 -26 -29
231 -23 -31
235 -20 -33
240 -22 -19
240 -26 -18
254 -10 -18
266 -1 -56
282 -19 -63
297 -35 -41
313 -41 -45
336 -35 -5
245 -27 21
208 -23 35
215 -19 3
244 -23 -48
274 -53 -39
286 -62 4
300 -56 44
296 -36 41
283 1 -71
250 -14 -42
221 -61 -11
207 -43 0
209 -28 0
208 -18 -2
208 -18 -19
213 -29 -23
218 -38 -29
230 -35 -39
240 -30 -40
254 -22 -34
259 -39 -23
252 -47 -13
249 -53 -24
260 -40 -45
286 -23 -51
326 18 -47
295 28 -11
250 13 -2
233 -3 3
279 -33 -14
315 4 -39
330 27 -60
318 -8 -31
293 -61 -3
258 -48 -3
249 -18 -23
240 10 -37
223 3 -39
217 -16 -37
215 -23 -34
202 -23 -29
192 -24 -24
183 -16 -19
174 -17 -29
187 -15 -37
217 -4 -49
248 -2 -40
241 -1 -26
220 -23 -20
245 -33 -54
348 -35 -74
301 -53 -80
261 -36 -13
288 -48 3
310 -57 -19
322 -57 -50
322 -43 -46
329 -34 -17
315 -21 -33
289 -6 -52
257 -10 -42
227 -22 -26
203 -23 -15
192 -19 -13
188 -16 -8
188 -17 -14
193 -27 -27
194 -32 -32
197 -34 -34
204 -32 -30
222 -25 -42
254 -16 -36
260 -19 -18
240 -36 -25
247 -43 -51
314 -32 -93
338 -18 -81
289 9 -68
279 1 -6
278 -13 8
282 -8 -14
298 -9 -32
320 -7 -25
320 -18 -36
290 -32 -15
269 -67 -2
253 -64 -2
229 -25 -19
210 0 -32
198 8 -38
203 4 -38
199 -2 -33
197 -14 -33
196 -18 -32
201 -17 -35
206 -16 -42
223 -14 -50
250 -3 -41
265 -4 -37
240 5 -53
220 -4 -53
229 -23 -69
261 -38 -86
282 -40 -75
308 -28 -71
278 -28 3
261 -66 20
264 -64 0
325 -76 -50
327 -39 -57
327 6 -71
311 8 -38
290 -1 -38
275 -8 -48
238 -23 -41
216 -49 -22
193 -25 -3
191 -27 0
189 -35 -3
191 -35 -18
196 -24 -36
198 -26 -34
203 -34 -26
215 -33 -33
262 -24 -27
269 -24 -16
234 -29 -36
227 -37 -22
250 -24 -52
304 -4 -78
345 -4 -74
319 6 -75
278 -24 -4
306 -30 -11
328 -24 -32
335 -6 -38
325 -19 -45
298 -41 -10
268 -46 -4
249 -53 -15
260 -48 -17
280 -29 -11
201 30 -50
192 44 -46
229 12 -1
206 -33 -16
185 -55 -10
169 -11 -5
179 -12 5
246 19 -71
267 12 -70
278 6 -69
267 -3 -48
255 -16 -60
268 -44 -54
280 -48 -38
266 -7 -8
206 -18 -19
257 -67 -38
292 -98 -73
317 -15 -83
312 26 -73
279 11 -50
252 -19 -43
234 -47 -25
214 -37 -30
202 -22 -22
203 -16 -32
206 -24 -37
207 -33 -33
216 -33 -36
219 -34 -36
218 -25 -36
232 -23 -42
247 -24 -38
233 -31 -36
220 -36 -40
232 -33 -44
242 -21 -56
250 -21 -69
248 -23 -69
254 -24 -92
312 -34 -59
295 -24 0
263 -9 9
237 -2 6
283 7 -23
355 16 -78
383 8 -69
348 -5 -36
307 -54 -7
283 -42 -25
261 -19 -35
236 0 -43
216 10 -36
197 15 -32
191 2 -14
187 -4 -7
188 -15 3
191 -2 -21
202 0 -21
216 3 -34
233 3 -44
252 -5 -54
267 -10 -54
276 -9 -53
269 -2 -63
265 -22 -58
283 -35 -55
314 -37 -53
291 -22 -37
266 -20 -20
275 -44 -22
289 -63 -42
283 -45 -52
265 -39 11
265 -37 50
274 -42 55
294 -100 11
310 -122 -20
280 -31 -34
249 3 -25
218 -5 5
201 -28 29
204 -31 9
218 -28 -2
231 -14 -13
233 -22 -17
232 -23 -16
236 -22 -22
244 -20 -24
252 -19 -28
266 -16 -36
267 -13 -45
271 -13 -49
270 -2 -49
265 2 -54
257 1 -60
266 0 -81
316 -10 -83
321 -32 30
286 20 35
231 30 -1
252 28 -7
294 5 -43
301 -11 -17
284 15 4
269 1 -3
267 -21 -22
250 -9 -13
228 6 -17
218 4 0
213 0 8
218 -2 -8
221 1 -23
229 5 -13
241 6 -28
246 4 -29
254 6 -32
258 9 -36
261 5 -29
261 3 -38
267 3 -48
271 5 -46
278 1 -58
277 -8 -58
274 -2 -62
302 9 -62
305 8 -7
270 -5 31
266 -26 30
273 -46 14
273 -28 6
273 -2 24
268 -15 2
266 -13 -7
270 -20 -5
265 -18 -10
255 -5 0
234 3 1
220 -9 4
216 -22 14
216 -20 8
226 -20 -4
238 -13 -4
250 -13 -12
249 -24 -14
249 -24 -14
256 -16 -18
260 -8 -29
268 -7 -30
272 -4 -38
269 -6 -43
279 -18 -37
300 -21 -39
336 -5 -43
347 11 -21
309 23 0
269 22 7
267 9 36
274 9 35
285 14 24
295 -18 0
291 -30 -5
277 -8 7
262 -1 -1
256 4 2
240 0 5
219 -1 10
210 3 3
203 5 3
205 11 0
206 7 -8
210 2 -11
215 0 -15
221 -1 -19
224 0 -23
242 -1 -26
253 -3 -37
263 -4 -37
271 -3 -37
284 1 -46
292 1 -50
294 -3 -56
301 -9 -73
324 3 -40
317 -11 -30
301 -23 8
298 -37 33
283 -45 26
283 -38 33
283 -39 46
284 -29 35
284 -11 26
272 -9 23
265 -13 10
257 -6 1
247 -7 10
227 -8 13
216 -27 18
207 -32 16
208 -18 16
210 -13 5
215 -14 4
221 -14 -4
231 -16 -17
234 -17 -19
237 -12 -7
249 -17 -7
268 -9 -6
269 -12 -20
278 -16 -55
281 -10 -61
306 -9 -52
333 -22 -59
333 -10 -17
295 17 6
281 19 10
293 -10 9
287 -19 19
284 -6 38
281 0 22
283 -1 1
286 -19 12
271 -26 3
249 -25 11
237 -25 17
233 2 20
235 11 -2
233 2 4
227 3 -2
216 5 -16
206 3 5
206 4 -15
220 1 -16
232 -1 -13
234 -7 -19
250 -17 -18
273 -12 -11
296 8 -27
297 26 -65
286 -3 -17
296 5 -99
310 2 -51
289 3 33
258 -39 44
267 -63 29
298 -53 34
289 -41 56
271 -39 45
282 -19 -13
294 -24 17
283 -2 0
269 18 6
262 0 3
234 -13 15
230 -8 32
234 -18 15
235 -16 4
219 -21 -3
214 -15 3
218 -17 -7
227 -3 -14
230 -5 3
230 -14 4
256 -25 -2
282 -13 -9
284 -17 -43
257 -17 -1
299 -36 -56
305 -7 -77
330 -10 -45
334 -3 -5
293 20 37
266 24 43
283 4 16
295 -8 4
281 7 48
296 2 43
284 -33 24
271 -44 19
256 -29 12
249 -26 12
245 -20 6
250 0 -1
243 -1 5
228 2 8
219 0 21
215 -1 5
216 -8 -19
218 -8 -24
219 -8 -12
220 -4 -10
229 -12 0
236 -21 26
259 -13 3
286 0 -53
299 11 -96
283 4 -63
294 0 -73
314 12 -103
301 10 36
285 -29 106
266 -44 9
257 -40 15
208 32 32
276 1 64
351 -83 77
366 -143 -40
273 19 -52
251 22 29
251 1 19
223 -11 2
217 -27 19
216 -27 29
220 0 10
220 8 -19
203 -6 4
214 -14 17
232 -10 -10
236 -8 -10
250 -14 -13
259 -11 -18
265 -6 0
276 -12 -3
289 -20 -17
292 -23 -36
315 -30 -62
393 -11 -67
365 11 -46
290 30 42
223 45 63
194 18 58
223 9 57
274 4 35
322 -13 -3
281 -4 17
258 -22 22
255 -34 9
250 -57 -3
225 -45 17
220 -6 11
233 32 -16
233 45 -20
234 -4 -22
233 -18 -22
229 -14 -15
227 -10 -19
234 -6 -44
245 0 -45
260 10 -34
270 12 -25
259 14 -22
266 11 -45
329 7 -59
378 -7 -56
357 -18 -33
280 -50 42
218 -59 64
197 -41 46
232 -18 38
293 -100 44
280 -62 -55
256 50 -46
246 11 12
229 -6 -8
233 -27 3
230 -33 15
227 -29 16
256 -18 2
256 -6 -25
264 -17 -24
246 -26 -21
236 -19 -24
226 -11 -20
235 -3 -26
254 0 -23
266 -1 -22
262 -18 -16
266 -33 -30
316 -33 -35
388 -5 -39
366 18 -40
326 28 4
260 32 41
206 15 59
200 10 42
255 13 12
308 4 -30
298 3 -9
264 -21 10
250 -31 5
235 -23 17
224 -21 5
237 9 -1
244 30 -21
249 25 -39
248 6 -33
247 -2 -25
248 -3 -27
247 1 -28
242 0 -28
245 1 -33
259 1 -37
273 2 -36
275 4 -33
258 9 -44
281 4 -61
332 -21 -54
337 -25 -36
321 0 9
226 -10 69
199 -29 52
230 -50 17
286 -70 -3
299 -18 -7
275 41 -29
262 52 -11
245 15 -14
221 -2 0
223 -10 10
251 -29 0
258 -39 -2
250 -19 -1
250 -2 -26
250 -11 -28
242 -15 -23
232 6 -35
245 9 -34
253 1 -32
265 0 -32
265 -14 -35
258 -27 -23
264 -24 -30
304 -2 -45
342 8 -43
302 22 -35
255 14 5
269 13 31
221 36 36
215 11 45
270 2 18
292 12 6
282 -1 1
264 -52 -12
248 -50 4
230 -9 -6
225 -17 3
235 -13 -2
245 1 -19
246 2 -31
246 2 -21
253 -6 -21
254 -16 -29
256 -19 -33
251 -17 -36
253 -18 -38
262 -11 -34
274 -6 -19
269 3 -13
257 8 -34
282 -14 -53
324 -28 -57
312 -28 -54
305 -20 -26
298 -29 34
246 -22 57
206 -27 50
188 -61 30
251 -100 9
289 -102 20
276 1 -35
267 34 -54
246 4 -2
225 -6 18
230 -27 19
238 -51 0
253 -48 -8
249 -23 -10
245 -23 -21
243 -31 -27
243 -26 -21
235 -19 -23
237 -18 -23
257 -23 -19
287 -14 -11
291 -10 -14
259 -24 -22
261 -40 -22
309 -38 -38
336 -10 -44
331 10 -53
316 13 -26
266 6 15
213 2 30
184 6 39
208 4 28
256 14 9
306 35 -59
306 21 -23
290 -2 -4
258 -37 4
218 -15 -3
202 -9 -1
204 1 -6
223 15 -21
234 18 -22
233 7 -21
244 -7 -34
254 -20 -42
249 -7 -32
249 1 -38
255 0 -31
261 -5 -31
273 -13 -34
278 -10 -37
279 3 -43
278 -1 -52
284 -16 -52
304 -19 -49
315 -16 -35
315 -12 5
269 -7 25
191 -16 30
168 -33 21
198 -38 -9
259 -40 -5
287 -80 30
286 -60 14
283 -19 -7
252 13 -43
234 -6 -20
229 -37 0
231 -31 3
237 -18 1
244 -22 -12
252 -28 -31
252 -40 -30
248 -39 -24
238 -22 -27
239 -20 -26
252 -24 -24
260 -14 -17
271 -37 -26
258 -50 -26
295 -53 -43
334 -54 -28
344 -31 -28
321 2 -26
272 5 23
217 7 39
213 -12 35
266 -35 36
299 -19 9
308 -22 -26
277 -29 -2
248 -43 33
234 -50 21
227 -41 14
221 -30 14
239 3 -9
248 11 -17
246 -3 -19
243 -21 -17
245 -30 -4
243 -29 -14
242 -29 -18
243 -38 -18
252 -33 -19
267 -24 -24
273 -20 -22
269 -15 -24
271 -16 -40
305 -34 -47
341 -48 -52
324 -60 -42
287 -64 40
262 -53 82
207 -40 69
214 -63 47
264 -83 29
283 -61 28
283 -15 -7
256 10 -25
244 -27 23
238 -42 23
239 -36 7
243 -46 7
249 -61 16
244 -59 19
235 -50 15
234 -44 -6
242 -39 -18
238 -33 -23
233 -34 -11
234 -38 -9
247 -44 -13
266 -43 -19
277 -47 -7
263 -55 0
269 -59 -18
340 -72 -23
377 -47 -29
364 0 -39
308 12 0
232 11 30
187 0 58
208 -14 68
257 -20 62
294 -31 -31
270 -32 -4
254 -60 26
238 -70 21
221 -60 15
218 -49 22
232 -34 23
245 -15 1
251 -13 -31
249 -26 -19
248 -37 -15
249 -34 -22
244 -31 -19
239 -35 -15
246 -36 -18
253 -33 -29
268 -25 -2
267 -12 -9
262 2 -38
297 -36 -38
336 -62 -57
332 -60 -50
298 -48 -17
264 -49 49
206 -52 68
215 -69 43
271 -87 20
282 -79 25
279 -29 14
252 -12 -13
239 -19 4
236 -30 28
237 -18 30
250 -29 -3
251 -60 5
238 -66 9
233 -51 10
238 -41 -3
246 -42 -7
249 -39 -8
245 -28 -20
251 -40 -12
262 -38 -6
268 -31 -7
275 -24 -6
273 -36 -16
267 -50 -34
287 -55 -25
336 -52 -40
331 -31 -27
321 -17 5
272 -2 47
220 10 55
193 11 58
233 -7 40
282 -9 8
299 9 -43
269 -31 15
251 -68 26
235 -61 19
221 -39 13
225 -24 4
235 -12 -1
244 -2 -10
251 -12 -18
246 -14 -17
243 -31 -8
245 -32 -12
248 -29 -22
249 -30 -24
255 -33 -22
265 -31 -25
276 -30 -20
270 -24 -11
266 -18 -32
311 -29 -51
343 -52 -44
329 -59 -45
293 -52 13
259 -52 66
215 -47 83
213 -58 69
261 -100 30
280 -56 15
273 -18 0
254 1 -15
243 -10 -11
233 -25 11
232 -30 19
239 -46 19
257 -28 -3
258 -39 -2
249 -48 5
246 -53 -2
242 -30 -11
250 -14 -23
244 -18 -23
240 -29 -19
274 -35 -4
264 -25 -13
256 -22 -31
260 -35 -29
296 -54 -20
331 -66 -19
322 -33 -35
292 8 -48
253 0 5
214 -5 53
196 -1 44
223 -10 24
273 -14 2
294 -2 -44
280 -11 -23
255 -48 3
237 -60 7
221 -49 22
219 -36 1
226 -16 -23
238 1 -38
250 -8 -30
252 -27 -23
253 -35 -7
253 -36 -19
251 -35 -37
249 -26 -34
248 -26 -23
255 -21 -17
254 -11 -19
248 -17 -7
252 -21 -13
271 -30 -45
344 -37 -59
326 -38 -3
292 -31 31
283 -42 83
239 -37 84
232 -38 30
273 -59 -1
289 -36 41
297 -29 72
280 -13 61
274 -5 34
265 0 4
259 -6 0
241 -22 11
251 -59 35
237 -57 44
230 -29 51
239 -11 36
255 -16 10
274 -18 0
266 -12 5
270 -8 9
268 -20 21
272 -23 23
267 -4 18
272 -9 3
282 -18 -4
299 -30 -6
289 -34 11
265 -11 25
262 16 24
291 24 5
289 8 10
237 28 40
233 18 57
257 16 42
277 24 12
284 14 6
272 -8 31
261 -22 22
253 -2 20
248 5 29
254 27 7
253 32 2
251 23 14
252 12 23
251 14 26
254 16 23
258 18 9
261 12 14
261 3 36
253 24 32
255 28 29
265 26 23
283 22 23
284 9 42
281 2 56
268 0 61
261 -20 57
265 -28 65
277 -17 51
289 -17 51
294 -9 29
288 -4 36
278 -8 50
270 -14 42
262 -9 40
255 -9 38
252 -20 43
255 -25 43
262 -18 38
267 -1 45
275 -3 40
280 -1 33
279 -4 39
273 -13 34
283 -5 35
299 -3 48
314 8 61
305 36 62
272 73 34
266 71 49
263 35 66
251 -27 92
257 -41 96
279 -16 75
284 38 -24
280 9 1
264 -24 62
250 -20 66
241 2 57
235 11 56
235 6 66
242 4 70
248 2 66
257 5 63
258 10 57
268 7 60
283 1 65
295 0 59
281 0 43
282 -14 55
290 -17 61
280 -25 56
287 -81 54
273 -57 54
280 -63 42
277 -55 5
260 -39 19
248 -38 37
237 -37 43
240 -42 51
248 -55 50
242 -47 50
229 -23 36
220 -20 32
231 -18 54
233 -7 73
232 1 72
243 3 69
233 2 66
235 7 58
267 13 64
285 2 76
308 2 66
308 20 59
328 -6 51
361 -54 -45
319 -3 30
293 -4 74
285 13 73
289 24 66
286 25 69
265 70 29
263 52 57
281 24 64
288 7 66
285 -29 56
274 -42 46
260 -31 61
260 -13 72
264 -15 83
280 -26 82
280 -50 68
276 -30 50
252 -43 51
256 23 49
280 -53 51
255 -44 67
236 4 73
270 -109 54
257 -28 36
249 -32 42
242 -39 51
250 -48 21
232 -14 74
253 -42 55
251 -12 32
248 -29 29
257 -44 31
262 -51 17
254 -37 18
253 -34 30
257 -14 25
264 -24 29
267 -35 32
262 3 36
252 4 31
243 2 20
255 -8 30
258 -15 15
256 -1 4
245 -12 11
237 -1 21
225 -19 16
243 -5 21
242 12 34
240 3 32
243 -6 20
236 16 27
243 0 42
274 20 29
286 -5 32
260 -29 5
263 31 35
266 -2 13
