29 -235 -25
30 -234 -23
30 -235 -25
29 -233 -26
29 -233 -27
30 -234 -24
29 -233 -24
30 -234 -24
31 -235 -26
30 -234 -24
30 -236 -25
30 -233 -24
30 -237 -23
29 -234 -25
30 -234 -23
30 -235 -23
29 -233 -24
30 -234 -26
29 -234 -26
30 -234 -24
32 -235 -26
31 -234 -24
29 -233 -23
30 -236 -23
30 -234 -22
28 -233 -25
29 -233 -24
29 -234 -25
29 -234 -24
29 -234 -25
30 -234 -24
29 -234 -24
29 -233 -24
28 -234 -25
29 -234 -25
30 -233 -24
30 -233 -23
29 -234 -26
31 -235 -23
30 -234 -24
30 -233 -23
29 -235 -24
29 -233 -25
30 -234 -24
30 -233 -25
31 -232 -24
31 -234 -24
29 -233 -22
29 -235 -24
31 -235 -23
29 -234 -23
29 -235 -24
29 -235 -24
30 -234 -27
29 -235 -25
31 -235 -22
29 -232 -25
30 -235 -26
29 -233 -25
29 -234 -24
28 -234 -25
28 -234 -25
30 -235 -25
29 -233 -23
30 -235 -26
29 -233 -26
30 -234 -23
29 -234 -24
29 -234 -25
29 -235 -25
30 -234 -23
29 -236 -25
30 -234 -25
30 -236 -26
31 -235 -24
29 -234 -24
29 -234 -25
29 -234 -27
29 -232 -24
30 -234 -23
29 -234 -24
29 -234 -23
33 -235 -22
29 -232 -26
30 -233 -26
30 -235 -24
29 -233 -25
30 -234 -23
30 -237 -23
31 -233 -24
31 -235 -23
30 -234 -24
29 -235 -25
29 -235 -24
30 -235 -24
30 -234 -23
30 -234 -24
28 -234 -24
29 -235 -25
28 -232 -24
29 -232 -25
29 -233 -24
29 -232 -27
30 -235 -24
29 -233 -25
29 -232 -25
28 -233 -25
30 -235 -24
30 -233 -24
29 -233 -25
30 -235 -25
29 -234 -24
29 -233 -24
29 -233 -26
30 -234 -24
30 -234 -26
29 -235 -25
29 -236 -23
29 -234 -26
30 -234 -25
31 -234 -23
30 -235 -24
30 -234 -23
29 -233 -25
31 -233 -24
29 -235 -24
29 -236 -27
29 -233 -23
31 -234 -26
29 -233 -30
29 -233 -25
27 -231 -26
32 -237 -23
30 -232 -22
28 -234 -26
27 -234 -26
34 -238 -22
30 -230 -25
34 -235 -30
32 -233 -24
28 -234 -34
30 -237 -20
33 -238 -23
27 -232 -29
29 -234 -26
31 -234 -20
29 -233 -25
30 -235 -23
29 -234 -27
30 -235 -24
30 -235 -24
29 -233 -24
82 -215 -54
55 -287 -39
-10 -163 -72
5 -229 -26
51 -202 -69
-100 -173 43
15 -256 276
-34 -363 219
-51 -381 86
14 -512 113
99 -512 20
143 -464 -77
149 -431 -5
119 -421 76
80 -280 108
73 -206 98
80 -170 71
115 -142 35
124 -83 12
89 120 -50
88 172 -127
-3 263 -126
30 196 -64
12 121 20
56 69 50
82 93 38
63 140 -80
57 105 -225
10 -18 -133
38 -51 -174
49 94 -292
30 185 -357
15 246 -425
-8 255 -512
10 181 -512
22 188 -500
34 201 -435
43 248 -423
48 181 -367
71 111 -306
43 79 -236
65 92 -162
47 104 -115
65 92 -121
69 55 -65
46 7 24
29 -5 40
21 14 -8
39 40 -51
54 74 -78
113 29 -54
127 -60 -10
126 -101 19
262 -475 139
210 -512 194
173 -512 182
127 -502 202
70 -355 187
83 -300 91
62 -248 57
27 -303 49
-5 -291 -138
16 -278 -353
51 -323 -430
42 -382 -269
4 -300 -186
-44 -149 -241
-97 -37 -369
-84 -45 -389
-55 -47 -378
-50 -8 -300
-65 24 -195
-70 36 -124
-79 60 -89
-97 110 -103
-42 143 -115
-23 89 -70
-19 22 -48
6 -34 -32
12 -54 -13
10 -79 19
11 -111 25
13 -146 25
69 -275 60
61 -319 27
37 -357 -187
29 -242 -323
79 -369 -274
65 -414 -206
48 -394 -123
11 -300 -55
-22 -102 -80
-68 -170 -52
-34 -246 -41
147 -512 -141
110 -484 -149
-10 -41 -28
-63 -196 6
-38 -194 83
43 -306 70
-28 -218 89
-65 -217 178
-29 -238 175
-33 -235 138
0 -252 88
32 -248 28
21 -244 17
-112 -121 44
-85 -199 176
-52 -218 221
-48 -231 241
-48 -217 210
-44 -212 152
-36 -220 110
-34 -210 94
-36 -221 127
-43 -220 158
-43 -214 170
-42 -214 161
-38 -217 143
-38 -218 130
-40 -217 130
-41 -219 147
-43 -219 152
-44 -217 149
-40 -218 141
-40 -219 138
-41 -216 142
-41 -219 148
-40 -218 148
-41 -218 142
-40 -219 139
-41 -219 142
-41 -220 144
-43 -218 146
-42 -216 142
-41 -218 144
-40 -218 145
-39 -218 144
-41 -218 144
-40 -218 145
-39 -216 141
-39 -217 143
-40 -219 143
-40 -219 143
-40 -220 143
-41 -218 143
-40 -219 145
-40 -218 144
-39 -218 144
-40 -219 143
-40 -221 144
-41 -216 143
-41 -218 144
-40 -219 145
-39 -219 144
-40 -220 143
-39 -216 144
-37 -216 143
-39 -216 143
-41 -217 145
-42 -219 144
-42 -218 143
-41 -219 143
-41 -219 144
-41 -218 144
-41 -218 143
-41 -217 144
-40 -218 142
-41 -218 144
-41 -218 145
-40 -218 144
-41 -218 144
-41 -218 143
-40 -218 144
-41 -220 144
-43 -216 146
-42 -218 145
-41 -220 146
-40 -218 142
-41 -217 142
-39 -217 143
-39 -218 144
-41 -219 144
-40 -219 144
-42 -219 144
-41 -219 144
-40 -219 143
-41 -218 143
-40 -217 145
-40 -217 143
-41 -218 143
-40 -221 145
-42 -218 146
-42 -217 145
-40 -218 143
-41 -218 145
-39 -218 143
-41 -218 147
-42 -218 145
-42 -217 144
-40 -218 144
-40 -216 143
-39 -218 146
-39 -219 144
-40 -218 145
-41 -219 147
-40 -217 144
-41 -217 146
-40 -220 144
-43 -218 143
-40 -218 144
-40 -218 145
-42 -217 145
-42 -218 146
-41 -218 143
-41 -216 143
-41 -217 144
-41 -218 144
-41 -218 143
-40 -219 146
-40 -217 144
-42 -219 143
-40 -217 144
-40 -217 144
-41 -219 145
-40 -217 144
-41 -217 144
-40 -216 145
-40 -218 145
-42 -218 145
-41 -219 146
-42 -218 144
-41 -218 144
-39 -218 143
-40 -218 144
-41 -218 145
-40 -218 145
-40 -219 146
-40 -219 146
-40 -217 144
-41 -219 144
-40 -217 145
-40 -217 144
-40 -217 144
-41 -217 144
-40 -219 144
-40 -219 143
-42 -218 145
-41 -218 144
-39 -217 146
-40 -218 145
-39 -218 145
-41 -216 144
-43 -217 143
-41 -218 145
-41 -217 146
-41 -217 143
-41 -218 144
-41 -218 144
-40 -217 144
-40 -219 144
-40 -218 144
-40 -218 144
-40 -217 144
-39 -218 145
-41 -217 144
-41 -219 145
-40 -216 146
-40 -219 143
-40 -216 145
-41 -217 144
-39 -216 144
-41 -218 146
-42 -217 144
-41 -217 144
-40 -217 144
-41 -217 144
-40 -218 145
-39 -217 144
-41 -218 144
-42 -218 144
-41 -216 145
-41 -217 144
-40 -218 145
-40 -218 144
-40 -217 144
-41 -217 146
-42 -217 144
-41 -217 144
-39 -216 145
-41 -218 145
-41 -218 146
-41 -218 144
-40 -218 144
-41 -217 145
-41 -218 145
-41 -216 143
-39 -218 143
-41 -217 145
-42 -217 148
-40 -217 147
-41 -218 145
-41 -218 143
-40 -217 144
-40 -219 144
-40 -220 146
-41 -218 146
-42 -218 146
-41 -218 145
-40 -220 145
-41 -217 146
-40 -218 145
-42 -215 143
-44 -223 144
-44 -217 147
-43 -217 145
-41 -219 145
-42 -220 145
-42 -217 144
-40 -216 145
-43 -219 144
-41 -218 145
-41 -218 145
-40 -217 145
-40 -218 145
-40 -217 143
-40 -217 143
-42 -218 144
-39 -219 147
-39 -218 145
-40 -218 144
-40 -218 146
-40 -217 144
-41 -217 145
-40 -217 144
-39 -218 145
-40 -218 144
-41 -217 145
-41 -218 144
-40 -217 143
-40 -218 143
-42 -219 144
-41 -217 146
-42 -218 144
-39 -218 143
-39 -218 144
-41 -217 144
-42 -218 147
-41 -217 147
-41 -217 145
-39 -219 145
-40 -220 146
-41 -218 147
-41 -216 147
-43 -218 147
-42 -218 146
-42 -218 144
-40 -218 145
-40 -217 146
-40 -221 145
-40 -218 145
-40 -218 144
-41 -218 145
-41 -217 144
-40 -219 146
-39 -218 146
-41 -218 143
-41 -218 145
-40 -219 143
-40 -218 146
-40 -218 145
-41 -216 145
-40 -219 146
-40 -218 145
-40 -217 144
-41 -218 146
-42 -218 145
-41 -217 144
-40 -219 146
-40 -217 144
-40 -217 144
-41 -217 144
-41 -217 145
-40 -217 143
-41 -219 145
-41 -218 144
-40 -216 145
-41 -216 145
-40 -218 144
-40 -219 145
-41 -217 145
-42 -218 145
-39 -219 145
-43 -216 145
-40 -218 144
-39 -218 145
-40 -220 146
-38 -219 147
-39 -217 146
-39 -218 144
-41 -210 145
-45 -216 146
-47 -216 146
-39 -215 145
-44 -216 147
-61 -210 145
