257 16 -17
257 13 -17
257 12 -21
259 12 -20
260 15 -21
259 14 -21
260 13 -19
261 11 -20
259 13 -19
258 15 -18
258 11 -19
260 12 -17
259 12 -19
258 14 -19
259 13 -19
258 12 -18
260 12 -20
259 12 -18
259 13 -17
259 13 -20
257 14 -18
258 13 -19
257 10 -16
259 11 -20
261 14 -18
261 15 -18
261 14 -20
261 11 -20
261 12 -20
259 12 -16
259 13 -17
259 13 -19
260 14 -17
260 13 -16
261 14 -19
262 14 -19
259 14 -19
260 12 -19
260 11 -19
258 10 -19
258 13 -19
258 12 -19
259 11 -19
260 10 -19
258 10 -22
257 11 -19
257 12 -19
257 12 -20
256 12 -22
258 11 -26
255 12 -22
254 11 -22
256 14 -22
257 13 -25
258 11 -27
257 9 -25
257 11 -28
257 14 -26
257 14 -29
255 18 -27
255 11 -24
255 9 -22
251 12 -21
249 13 -21
245 10 -20
247 3 -15
250 2 -16
259 3 -21
269 0 -20
269 -4 -23
264 2 -32
263 3 -37
266 2 -37
265 -1 -36
264 -6 -34
260 -4 -26
255 0 -24
254 -4 -21
254 1 -25
253 0 -29
257 -5 -24
262 -9 -28
258 -4 -32
249 -4 -34
247 -1 -33
256 7 -31
253 1 -37
246 -10 -35
247 -14 -37
252 -1 -35
254 3 -34
255 4 -35
253 4 -35
255 3 -33
264 2 -41
268 11 -50
282 20 -49
286 33 -37
284 38 -30
290 40 -28
284 29 -26
272 15 -9
252 20 2
242 24 13
236 35 15
245 45 21
258 62 17
268 77 2
267 65 6
265 45 0
267 27 -7
262 30 -12
254 29 -13
245 24 -1
247 22 1
245 29 -4
246 30 -7
246 33 -14
248 32 -15
247 31 -23
250 30 -30
254 28 -37
251 23 -43
249 13 -44
253 7 -45
256 15 -36
256 32 -41
244 42 -47
250 28 -46
267 13 -54
304 3 -62
316 -12 -40
303 -19 3
276 -24 55
225 -24 41
222 4 7
275 2 -10
287 29 -12
278 41 -16
270 22 -19
266 13 -1
254 16 9
244 5 4
245 -3 -1
252 -2 -8
257 -7 -5
250 -1 -16
239 2 -13
238 4 -15
243 3 -21
249 -8 -29
249 -19 -29
251 -25 -29
255 -26 -34
258 -16 -41
265 -15 -42
265 -29 -39
258 -39 -33
264 -46 -32
273 -24 -50
314 -14 -69
303 -15 -57
292 -7 -30
271 4 -7
252 3 9
220 3 26
203 11 26
229 31 16
272 55 1
275 44 -31
277 -9 -17
270 -50 -2
253 -36 -3
237 -18 -9
222 2 -18
224 5 -20
234 -2 -18
243 -9 -23
245 -9 -27
243 -3 -26
249 -2 -35
248 -5 -39
252 -5 -44
254 -15 -48
255 -18 -49
256 -22 -49
259 -7 -39
257 4 -34
251 16 -32
259 11 -46
286 -8 -67
317 -35 -84
311 -62 -78
294 -50 -28
247 5 28
215 19 30
191 7 32
222 -3 16
282 -30 4
297 -54 -24
282 -25 -27
264 8 -5
255 21 -15
247 8 -12
241 -3 -18
236 -18 -12
237 -18 -12
240 -17 -6
242 -10 -18
243 -18 -29
239 -21 -40
245 -20 -36
243 -13 -42
248 -10 -42
259 -17 -43
262 -18 -42
263 -22 -38
262 -27 -35
265 -34 -36
321 -37 -54
381 0 -57
342 11 -24
291 7 18
239 9 11
202 15 23
228 29 26
263 71 16
265 92 -19
256 35 -9
263 -1 -19
248 -26 4
229 -32 0
222 -11 0
229 18 -12
233 43 -10
236 55 -11
236 59 -22
245 53 -30
252 48 -39
257 28 -53
255 12 -50
254 16 -48
255 34 -29
239 71 -4
238 88 -16
265 76 -43
314 64 -79
346 20 -82
293 -44 -6
252 -65 82
237 -13 61
269 20 4
307 31 11
302 42 4
298 43 -21
287 19 -20
264 30 -12
245 34 -18
231 29 0
232 15 11
222 6 13
229 2 -5
238 -16 -16
245 -21 -14
242 -6 -16
236 5 -25
241 2 -34
253 -9 -35
254 0 -41
258 6 -38
261 -16 -33
254 -37 -27
257 -32 -25
291 -2 -62
330 17 -82
324 6 -48
267 16 -5
237 17 11
216 25 29
228 40 25
262 73 -3
298 92 -27
295 67 -13
271 13 -19
254 -36 -11
226 -34 -2
217 -1 -1
219 30 -12
232 43 -14
245 30 -23
256 14 -23
260 -2 -23
258 -2 -29
257 16 -43
257 20 -43
251 30 -46
249 26 -49
255 13 -39
262 0 -35
259 -19 -31
241 5 -29
262 38 -57
295 15 -87
307 -12 -81
302 0 -52
291 3 -12
234 2 64
200 6 100
227 20 89
258 43 -47
331 -55 -47
312 -67 19
274 22 -62
236 44 -4
215 46 5
208 20 -5
213 8 5
223 15 2
247 15 -11
250 1 -17
255 -9 -23
259 -9 -31
258 -6 -29
255 -3 -23
253 5 -32
256 4 -35
260 -11 -31
266 -18 -25
258 -25 -23
247 -29 -8
250 -22 -17
278 -5 -47
325 -18 -56
344 -25 -29
294 19 -3
246 48 -2
199 53 1
202 34 20
263 28 35
320 76 0
314 103 -55
294 47 -17
260 -19 -3
235 -10 -1
224 39 -6
226 53 6
233 49 1
248 20 -16
258 -14 -21
257 -19 -15
252 11 -13
249 19 -7
248 5 -15
245 -3 -18
251 -4 -23
253 0 -23
254 8 -22
259 16 -24
265 17 -29
270 14 -28
286 10 -35
299 7 -39
312 3 -34
328 18 -23
346 32 -28
363 34 -24
374 27 -24
352 16 -25
307 2 10
271 5 39
247 7 49
247 10 59
259 4 62
268 15 34
265 26 11
266 29 10
257 12 13
246 4 13
235 7 16
220 12 13
213 16 15
207 20 13
203 9 13
204 5 12
205 2 6
208 0 3
216 -2 4
223 1 11
238 1 3
249 -3 1
255 -9 6
259 0 4
273 11 -5
290 3 -14
298 -9 -23
304 -21 -24
301 -12 -19
333 16 -25
348 21 -3
344 16 1
360 36 0
369 49 3
341 54 2
301 50 20
263 34 36
247 32 43
254 42 42
263 54 28
267 56 24
261 42 20
250 30 1
242 20 -11
231 6 -6
210 0 2
193 -3 9
187 11 11
170 15 12
158 5 23
180 2 29
210 25 4
233 19 3
252 5 -6
256 -15 -18
259 -13 -6
261 10 -10
263 27 -13
266 19 -17
282 16 -27
288 16 -29
298 11 -23
295 4 -20
311 2 -12
323 12 -7
347 22 -6
371 26 1
364 45 -25
342 33 -13
308 12 13
268 4 31
252 5 44
256 -1 54
267 -11 53
275 -5 29
263 14 11
253 18 1
255 4 4
246 1 5
235 6 4
215 11 9
202 13 9
189 15 8
182 9 16
175 6 12
182 9 7
199 9 0
220 5 -6
237 2 -8
253 -5 -3
267 -11 -1
279 -2 -7
273 4 -23
271 -7 -28
279 -19 -24
284 -18 -17
283 -1 -7
296 11 -20
333 20 -14
330 7 13
335 20 2
365 50 2
353 52 -3
324 45 6
290 26 35
261 25 36
259 37 33
278 59 29
289 71 26
281 53 30
260 29 21
256 26 5
250 12 -10
234 0 -2
216 0 11
197 13 11
188 24 13
186 26 20
180 11 19
187 6 15
203 5 14
220 11 8
235 17 -1
255 12 -11
266 4 -18
273 2 -17
273 6 -13
270 13 -16
280 12 -18
282 14 -18
287 16 -20
292 10 -21
298 2 -22
319 0 -13
323 4 -13
343 17 5
343 41 -4
338 53 -16
330 31 -7
278 12 6
267 -2 -18
253 -44 75
288 -55 78
235 15 11
238 -5 60
247 11 7
257 14 -2
258 -5 1
255 -29 -3
241 -14 -14
220 3 -5
211 9 2
199 15 9
203 19 12
206 27 25
203 34 37
196 38 20
215 44 10
247 47 -3
267 29 1
273 21 -7
281 12 1
285 9 10
272 15 0
266 35 1
268 24 1
296 -47 -4
321 -41 2
325 15 2
336 57 10
339 67 13
358 20 25
354 25 9
314 32 6
270 19 26
241 35 32
232 49 30
248 65 18
250 69 12
238 35 17
229 6 12
245 -7 -9
260 -16 -16
251 -8 -7
251 16 -15
247 31 -11
236 18 -9
225 6 -3
226 1 2
226 10 3
220 24 6
222 29 8
221 41 7
233 46 13
249 44 1
246 49 -3
254 42 -2
264 32 -1
273 32 -5
290 41 -16
302 42 -12
301 29 -7
298 13 12
342 20 22
355 35 26
367 31 23
355 29 12
323 28 1
276 6 26
242 -12 60
245 -17 73
265 11 59
265 29 33
244 34 25
232 34 17
236 26 23
252 21 40
260 7 5
251 -4 5
235 7 9
220 16 11
207 8 23
203 4 20
198 4 18
194 3 14
205 1 12
221 7 11
251 12 9
259 7 3
268 2 10
290 -2 -1
294 -2 -2
306 -12 3
313 -3 -7
307 8 -13
297 13 -21
326 -11 35
331 0 34
361 60 -4
377 75 12
330 61 14
282 34 34
248 19 60
246 23 59
273 48 40
274 55 26
260 41 29
260 30 17
267 34 4
263 34 3
258 20 9
246 13 13
227 18 8
220 28 10
214 31 11
202 28 14
196 16 15
196 13 11
201 15 16
217 14 22
232 9 8
251 3 2
265 2 -8
273 9 -3
284 22 -3
297 28 -14
306 26 -18
316 12 -18
317 11 -11
326 24 -15
329 30 -1
328 19 12
344 2 41
334 25 14
306 25 17
273 -2 39
254 -11 48
242 -15 60
261 -11 61
263 12 47
255 35 21
253 40 10
260 13 27
250 7 10
241 9 11
231 6 14
207 6 22
204 10 27
203 11 17
202 3 26
211 0 17
220 1 5
226 2 11
235 2 11
244 6 11
259 17 8
264 17 4
270 6 0
279 0 -2
286 -1 -6
296 -4 0
291 2 2
317 9 0
346 8 20
352 23 5
374 49 0
364 45 12
334 32 22
298 41 41
263 41 54
245 48 47
259 65 36
279 87 31
265 48 44
252 22 37
258 20 15
259 29 -6
244 20 3
227 6 17
215 16 18
191 23 21
187 18 23
180 16 27
183 17 24
191 18 26
205 24 20
226 22 8
247 21 3
264 14 -12
277 25 -12
281 28 -10
285 27 -6
284 28 -6
296 28 -6
306 23 -1
313 14 0
330 21 -5
371 26 -3
354 13 -2
349 14 17
335 48 7
322 47 15
297 19 38
265 3 44
257 4 44
261 -1 63
257 12 44
247 27 23
237 9 30
239 -3 11
235 -4 7
221 1 8
216 3 13
216 10 10
210 11 12
203 12 16
205 15 13
215 10 14
218 13 13
226 17 4
237 18 7
247 13 10
255 21 14
260 29 10
271 28 5
290 14 -5
299 2 -13
302 -14 -7
319 -18 -2
366 -1 11
367 18 15
379 59 3
352 49 30
307 39 42
274 50 54
267 61 60
277 68 56
279 92 40
268 106 39
255 61 46
250 32 35
245 3 11
234 -8 2
216 -10 10
205 10 9
195 26 18
187 32 28
186 30 25
190 20 15
205 19 16
221 24 15
240 25 7
256 29 -4
268 25 -10
267 16 -14
268 12 -8
269 13 -5
271 26 -12
278 26 -14
282 8 -2
296 16 0
326 34 -14
360 42 -3
364 40 11
363 43 26
344 62 6
320 39 22
282 13 40
253 3 45
248 1 44
253 -6 54
262 -16 45
254 23 38
243 45 16
236 47 12
234 27 22
226 24 22
217 25 13
213 12 10
212 1 17
207 2 19
208 6 13
216 11 17
226 11 7
234 9 6
242 5 9
250 7 4
254 13 -3
262 13 -7
257 9 -13
258 6 -8
253 2 -5
251 0 -3
255 0 -1
266 2 -2
282 11 -13
296 17 -15
301 21 -14
324 25 -4
319 17 11
326 30 19
349 56 14
367 60 17
365 53 20
341 53 23
308 34 44
256 32 49
246 47 40
254 60 41
258 68 51
256 71 53
243 64 54
247 51 44
256 46 18
258 38 -10
235 7 4
221 1 9
208 11 20
204 25 25
200 37 24
198 39 26
203 31 24
219 22 15
225 15 10
230 25 2
241 27 1
249 26 0
250 29 -8
257 27 -13
264 24 -11
273 17 -18
289 4 -16
284 3 -18
268 12 -4
272 25 -4
290 14 -5
300 -14 -8
298 -38 6
289 -36 47
271 4 48
249 47 39
254 46 26
270 24 15
285 1 4
290 2 -7
284 16 -9
269 15 -6
249 15 4
220 14 10
221 7 15
228 -4 17
235 -14 14
242 -14 5
255 -2 -4
261 5 -15
264 4 -14
262 7 -17
263 5 -28
268 -11 -21
272 -26 5
255 -29 18
259 -24 13
289 -15 -5
314 3 -34
321 11 -46
319 18 -19
300 24 -3
267 19 30
226 18 46
201 31 51
205 41 52
237 59 41
268 82 6
291 13 -3
284 -38 -7
270 -31 9
255 -4 12
237 12 9
232 19 8
235 18 3
243 5 -6
243 -6 2
255 4 9
261 4 -4
266 -2 -1
267 -4 -5
265 -3 -13
260 -22 -6
263 -19 -7
266 -7 -5
264 0 -1
267 24 -9
273 28 -33
275 -8 -42
281 -39 -51
300 -55 -47
311 -65 -21
322 -25 36
297 -14 109
200 -21 66
225 -12 41
289 11 12
326 -3 -18
306 -41 33
281 -2 24
269 38 11
257 51 28
234 12 8
229 -30 7
229 -65 12
238 -51 24
236 -23 19
238 -3 13
246 0 27
261 7 3
267 -14 -2
276 -38 -14
276 -39 -15
268 -36 -5
267 -29 -7
268 -34 0
262 -43 3
261 -30 -9
293 -16 -13
320 -6 -1
311 10 -16
313 10 4
280 4 25
238 -1 35
208 5 42
223 12 42
255 35 46
290 69 -2
296 46 -4
282 4 -6
269 -26 2
251 -24 15
234 -1 11
222 13 10
225 19 20
240 13 11
252 -6 14
259 7 4
262 22 -9
259 16 -13
258 2 -17
259 -13 -19
259 -24 -9
259 -20 -6
267 -1 -16
284 -12 -21
286 -17 -19
281 -20 -6
278 5 -14
282 26 -40
297 -5 -37
329 -31 -38
335 -36 -19
272 -25 26
283 -19 61
248 16 54
209 18 28
213 -6 39
253 -27 45
275 -30 25
274 3 20
273 27 0
265 25 5
250 9 3
228 -12 1
224 -32 6
230 -32 13
237 -4 10
245 10 8
248 -2 -2
250 -14 -5
253 -21 -10
255 -19 -23
262 -17 -29
262 -14 -30
271 -15 -29
270 -14 -21
259 -14 -10
269 -22 -20
297 -14 -34
350 -1 -41
365 7 -31
344 16 -9
306 22 17
260 28 33
233 36 50
254 52 78
252 81 59
255 123 3
279 79 -9
269 -7 18
252 -63 22
234 -62 10
232 -16 21
238 52 -3
250 65 3
257 54 5
257 29 -3
261 2 -16
265 -26 -15
263 -20 -3
255 1 -6
258 22 -5
261 3 -17
260 -5 -15
265 0 -17
275 6 -19
284 4 -32
287 -7 -39
290 -18 -38
285 -8 -19
307 21 -22
339 26 -9
360 24 1
361 15 0
341 1 15
318 4 34
294 14 57
283 29 65
270 41 68
265 31 64
266 19 60
267 16 42
260 27 19
246 31 5
233 22 11
219 15 15
204 13 21
192 16 30
192 11 31
193 5 23
202 6 19
217 5 12
238 9 4
252 13 0
260 7 0
280 0 1
279 10 -10
281 6 -1
279 9 -4
283 12 -5
285 13 -3
299 16 -11
284 16 -14
316 15 -27
352 10 20
357 39 1
369 60 -2
352 52 9
319 49 27
257 42 45
249 57 38
261 71 42
275 75 39
263 45 28
254 30 24
245 27 4
235 21 -1
221 12 2
208 6 12
184 17 8
176 17 23
183 25 20
181 30 23
195 20 26
218 18 10
241 22 -5
259 10 -13
271 8 -11
274 14 -15
265 27 -1
260 26 3
266 20 0
282 16 -8
299 14 -14
301 10 -9
306 14 -1
351 30 4
350 45 14
359 33 28
340 44 13
317 37 14
296 15 26
280 6 37
269 17 37
267 21 42
266 19 52
266 38 41
253 57 18
240 28 19
237 8 14
237 9 6
228 13 5
216 15 9
204 15 22
192 17 32
189 15 35
193 10 28
202 4 18
217 10 11
233 7 8
245 8 12
253 17 11
262 19 7
266 15 -2
264 10 -1
261 7 -2
263 7 -2
275 9 -8
291 6 -3
299 -1 1
304 0 -2
323 12 -12
343 17 -6
349 32 -15
362 30 0
358 18 15
350 26 27
324 44 28
301 42 33
281 41 45
277 45 55
276 50 56
268 51 48
256 48 40
249 49 31
249 46 18
236 29 13
219 11 13
197 6 17
182 11 19
175 15 23
178 14 23
186 24 23
193 26 19
211 29 14
231 21 6
250 13 9
258 16 -6
256 22 -10
243 16 2
238 14 -6
235 10 -8
241 -2 1
257 4 3
268 24 -11
282 27 -22
298 20 -18
319 20 -15
336 29 -19
345 20 -16
348 15 1
344 39 1
342 50 -6
359 26 22
379 33 22
377 42 22
340 46 23
303 56 40
266 50 51
251 46 51
253 28 60
256 3 73
245 -7 61
238 17 36
235 44 8
231 45 14
217 30 13
203 18 15
192 23 14
185 17 22
176 12 40
187 11 36
200 20 29
216 21 19
225 13 12
236 3 13
251 3 12
264 14 10
269 33 -1
269 36 1
269 26 1
269 10 1
278 2 1
283 1 -3
284 4 -3
282 12 -8
293 26 -8
305 17 16
301 23 24
314 54 11
326 54 5
337 34 13
334 35 16
328 46 13
322 45 20
297 41 40
276 48 33
258 58 37
257 65 38
263 84 35
269 83 32
265 70 41
261 63 42
257 64 25
252 51 13
250 38 9
241 32 8
233 32 12
220 40 11
210 37 20
205 27 28
210 31 21
218 35 5
220 32 2
223 30 2
232 31 1
237 31 0
240 33 -1
245 35 -7
251 29 -12
255 29 -15
255 29 -17
256 30 -21
263 30 -17
274 37 -5
273 47 3
267 41 15
274 41 8
269 22 0
254 -30 6
253 -3 -3
264 31 -32
278 20 -24
274 11 2
265 26 16
256 34 23
249 45 15
250 28 3
255 6 3
257 12 4
261 21 10
265 23 12
266 15 7
262 3 3
263 2 1
265 11 1
273 24 -3
274 21 -8
274 17 -7
268 17 -1
262 19 1
259 19 -2
256 15 1
260 10 -3
256 6 0
252 5 3
259 3 -3
266 -2 -9
269 -4 -9
276 2 -8
277 4 -3
267 6 -2
263 3 1
264 2 2
266 16 2
262 26 -1
254 26 1
255 27 5
258 33 3
258 42 -4
266 39 -9
268 33 3
261 46 4
258 52 2
258 50 1
265 48 1
269 41 -3
267 31 -9
266 30 -12
264 31 -14
261 35 1
258 51 -7
258 60 -2
255 53 1
254 48 -3
264 43 -10
259 35 -14
260 34 -13
260 34 -14
259 36 -14
263 38 -14
262 33 -18
258 38 -14
258 38 -16
260 42 -12
269 44 -17
256 40 -12
258 40 -11
256 40 -15
251 42 -14
252 42 -18
252 39 -17
253 38 -19
255 36 -22
259 36 -24
256 34 -21
254 30 -15
255 37 -22
248 41 -16
252 42 -26
256 39 -24
251 31 -12
250 38 -15
262 44 -23
252 39 -27
253 30 -23
255 30 -26
255 29 -24
255 29 -23
261 34 -30
257 38 -24
256 33 -21
260 40 -19
261 41 -22
259 37 -22
262 31 -24
258 32 -21
258 32 -21
258 36 -16
258 40 -19
257 38 -17
260 38 -20
259 41 -19
258 37 -19
257 39 -18
256 36 -16
255 43 -14
257 36 -24
257 29 -11
257 32 -15
258 36 -17
256 40 -15
259 40 -16
256 37 -17
259 40 -21
258 36 -19
258 40 -14
259 45 -17
258 43 -17
257 42 -15
258 42 -16
258 41 -19
260 37 -18
259 36 -19
266 37 -20
262 44 -24
262 45 -22
258 47 -16
257 48 -18
257 46 -20
255 42 -17
257 44 -20
257 45 -20
252 48 -18
254 54 -22
253 57 -22
254 50 -16
254 54 -23
256 56 -24
255 56 -22
255 54 -19
253 59 -19
251 58 -18
250 60 -18
252 55 -16
254 55 -14
256 58 -18
251 55 -17
251 56 -16
254 62 -17
254 61 -15
255 57 -13
254 59 -18
253 59 -18
252 59 -18
252 57 -18
253 65 -13
255 71 -17
255 70 -18
253 75 -12
252 78 -14
247 73 -13
250 78 -12
252 88 -4
250 91 0
244 95 4
240 96 5
239 107 9
238 110 11
241 111 14
241 121 21
242 119 23
244 116 14
244 115 12
239 115 10
239 110 8
241 106 11
248 112 14
253 111 15
256 105 13
254 105 7
254 94 8
250 80 4
251 76 4
253 76 4
252 78 5
249 79 8
248 84 6
248 90 3
245 80 7
253 90 5
247 93 2
246 84 1
256 73 0
260 79 2
256 78 -4
252 63 -10
258 60 -6
264 70 -2
254 84 -7
256 66 -4
262 70 3
258 81 8
254 90 0
249 72 6
256 63 6
267 59 0
267 49 -9
266 32 -15
265 29 -9
258 39 -2
257 51 3
260 58 4
255 57 1
257 50 -9
260 43 -10
262 41 -11
265 42 -13
263 43 -9
261 45 -9
260 50 -9
258 45 -11
258 43 -8
258 45 -14
257 47 -9
258 48 -8
258 50 -12
258 50 -14
259 47 -12
251 52 -12
260 51 -10
259 52 -10
256 38 -13
260 31 -17
263 24 -18
260 32 -17
262 41 -16
257 53 -12
253 53 -4
252 49 -8
253 43 -16
262 35 -12
262 53 -18
260 56 -21
259 45 -15
255 32 -16
254 29 -13
245 29 -12
246 31 -14
254 33 -16
262 37 -18
263 44 -23
263 42 -21
258 41 -25
255 33 -20
255 31 -16
254 33 -15
258 42 -15
258 49 -17
261 49 -18
260 43 -19
259 35 -20
258 32 -17
256 34 -18
257 42 -12
258 42 -20
258 37 -18
258 31 -18
260 29 -21
264 33 -21
261 44 -21
256 50 -18
254 52 -14
258 53 -7
258 56 -6
254 56 -16
254 49 -20
258 42 -18
259 35 -17
261 35 -16
260 43 -13
256 51 -14
255 54 -13
256 52 -13
257 52 -15
259 49 -17
258 45 -19
258 42 -18
260 42 -16
260 44 -17
258 47 -15
256 51 -18
256 51 -11
255 54 -15
257 56 -16
258 57 -16
258 52 -12
258 47 -13
257 52 -14
257 54 -12
256 59 -12
255 61 -12
255 59 -12
256 49 -16
257 40 -15
259 34 -16
259 37 -22
256 42 -19
257 47 -17
257 55 -15
256 57 -15
256 56 -16
258 48 -17
257 39 -20
260 37 -19
261 37 -18
260 42 -18
262 48 -20
259 47 -16
256 41 -18
256 27 -18
253 26 -19
255 30 -18
256 27 -23
257 15 -17
259 24 -17
259 39 -22
264 38 -26
254 37 -28
252 21 -24
248 12 -17
257 24 -20
259 31 -30
261 27 -29
262 28 -21
255 34 -21
250 27 -28
251 9 -17
258 5 -15
254 23 -30
257 10 -27
259 11 -25
263 11 -19
259 22 -29
251 28 -33
255 23 -26
269 -61 -34
264 0 -86
231 47 19
271 -6 -3
252 44 -57
241 -27 7
259 50 -60
249 45 -55
247 46 -1
262 6 -32
255 39 -36
254 91 -23
265 20 -45
246 -8 3
255 18 -38
261 19 -50
207 108 16
262 -37 -32
262 14 -35
250 12 -3
